-0.036610 0.042922 0.000442 -0.000113 0.000123 -0.002087 0.999998 1587629205.134339
684769.193188 3112591.711900 57.531838 0.003813 0.007698 -0.905227 0.424842 1587629205.118596
0.001118 -0.050776 0.000822 0.000277 -0.000100 0.001991 0.999998 1587629205.233783
684769.193714 3112591.711253 57.535365 0.003851 0.007730 -0.905418 0.424434 1587629205.215641
-0.013625 0.026970 -0.000741 0.000118 -0.000041 -0.000427 1.000000 1587629205.334926
684769.196876 3112591.710948 57.540538 0.003894 0.007763 -0.905509 0.424238 1587629205.314616
0.041509 -0.025144 -0.001431 0.000217 -0.000141 0.001056 0.999999 1587629205.434077
684769.195313 3112591.710662 57.538516 0.003872 0.007771 -0.905297 0.424690 1587629205.415621
-0.006297 -0.007314 0.000187 -0.000042 0.000048 -0.000258 1.000000 1587629205.536611
684769.195466 3112591.710636 57.537425 0.003843 0.007731 -0.905237 0.424820 1587629205.515661
-0.024098 0.002414 -0.000202 -0.000031 -0.000003 0.000953 1.000000 1587629205.634458
684769.196055 3112591.712516 57.537321 0.003852 0.007667 -0.905403 0.424467 1587629205.614666
-0.015736 0.037200 -0.004018 0.000152 -0.000337 -0.001637 0.999999 1587629205.733977
684769.203337 3112591.720619 57.541265 0.003855 0.007609 -0.905226 0.424845 1587629205.715648
0.019416 -0.028141 -0.000680 0.000058 -0.000049 0.000650 1.000000 1587629206.034630
684769.195419 3112591.710752 57.544431 0.003834 0.007558 -0.905483 0.424299 1587629206.015575
-0.017154 0.011406 0.001528 0.000358 -0.000059 -0.001756 0.999998 1587629206.235656
684769.194085 3112591.710856 57.546938 0.003835 0.007509 -0.905576 0.424101 1587629206.215775
-0.015059 -0.022255 -0.001356 0.000340 -0.000134 0.000920 1.000000 1587629206.434250
684769.194109 3112591.709221 57.551153 0.003863 0.007397 -0.905397 0.424484 1587629206.415871
-0.005236 -0.008105 0.000667 0.000097 0.000055 -0.000345 1.000000 1587629206.534089
684769.193205 3112591.711028 57.551353 0.003847 0.007368 -0.905344 0.424597 1587629206.515840
0.016859 0.014974 -0.001523 0.000199 -0.000113 -0.001078 0.999999 1587629206.635417
684769.194670 3112591.710340 57.552967 0.003833 0.007333 -0.905487 0.424293 1587629206.618523
-0.005445 -0.024586 0.002549 -0.000098 0.000189 0.000433 1.000000 1587629206.734006
684769.193788 3112591.709694 57.541598 0.003813 0.007308 -0.905446 0.424382 1587629206.716284
-0.009762 0.032891 -0.001155 0.000131 -0.000116 -0.000712 1.000000 1587629206.838219
684769.198223 3112591.713818 57.542548 0.003795 0.007314 -0.905576 0.424104 1587629206.812725
0.026664 -0.010535 0.003923 0.000003 0.000158 0.001302 0.999999 1587629206.933410
684769.205599 3112591.721172 57.547769 0.003779 0.007357 -0.905420 0.424436 1587629206.914819
0.014610 0.007671 -0.000085 0.000042 -0.000001 -0.000079 1.000000 1587629207.234057
684769.196278 3112591.708462 57.550237 0.003857 0.007231 -0.905392 0.424497 1587629207.215688
0.033320 -0.020643 0.002501 0.000270 0.000124 -0.000027 1.000000 1587629207.335141
684769.196075 3112591.710267 57.549648 0.003857 0.007193 -0.905559 0.424142 1587629207.315876
-0.052958 -0.035629 -0.000755 0.000211 -0.000097 0.001777 0.999998 1587629207.434222
684769.196378 3112591.709884 57.546097 0.003800 0.007211 -0.905322 0.424648 1587629207.415780
-0.022632 0.001919 0.001171 0.000203 -0.000086 -0.000007 1.000000 1587629207.634533
684769.201057 3112591.721845 57.557738 0.003767 0.007271 -0.905281 0.424735 1587629207.612934
-0.017246 -0.003438 -0.000475 0.000012 -0.000028 0.000533 1.000000 1587629207.734906
684769.201450 3112591.722817 57.557942 0.003778 0.007228 -0.904247 0.426932 1587629207.711840
-0.029689 -0.002467 -0.000308 0.000083 -0.000014 -0.000181 1.000000 1587629207.935710
684769.199933 3112591.722808 57.557437 0.003816 0.007139 -0.904240 0.426947 1587629207.912861
-0.018047 -0.014236 0.001768 0.000135 0.000112 0.000181 1.000000 1587629208.033531
684769.200670 3112591.722371 57.558757 0.003796 0.007147 -0.904180 0.427076 1587629208.013007
-0.007136 0.003296 0.014872 0.000118 -0.000516 -0.000641 1.000000 1587629208.534272
684769.199877 3112591.722993 57.552942 0.002431 0.006505 -0.905594 0.424090 1587629208.513000
-0.004263 -0.001803 0.002547 -0.000313 -0.001223 0.000429 0.999999 1587629208.634181
684769.200449 3112591.719699 57.554127 0.002255 0.006467 -0.905567 0.424149 1587629208.615012
0.134925 0.044139 0.014242 -0.000021 -0.000411 -0.000210 1.000000 1587629209.033584
684769.147085 3112591.648957 57.558820 0.002314 0.006588 -0.904489 0.426441 1587629209.012962
0.161523 0.013327 0.003612 0.000089 0.000050 0.001029 0.999999 1587629209.134964
684769.120165 3112591.617473 57.555094 0.002533 0.006622 -0.904581 0.426243 1587629209.116017
0.445268 0.045108 0.004069 0.000004 -0.000805 0.003437 0.999994 1587629209.634328
684768.948039 3112591.395497 57.564318 0.001402 0.006441 -0.903322 0.428913 1587629209.613070
0.702419 0.030605 0.002920 0.000094 0.000039 0.006170 0.999981 1587629209.933664
684768.807833 3112591.212758 57.568706 0.001738 0.006588 -0.901864 0.431966 1587629209.912073
1.038146 0.046460 0.000595 0.000509 0.000167 0.008566 0.999963 1587629210.234785
684768.637556 3112590.987713 57.579322 0.002247 0.006126 -0.899605 0.436656 1587629210.212349
1.341705 0.006746 0.003498 0.001033 0.001457 0.013975 0.999901 1587629210.533569
684768.442385 3112590.731562 57.582610 0.003471 0.005813 -0.899065 0.437764 1587629210.515196
1.596117 0.068416 -0.007975 0.002323 0.000424 0.015935 0.999870 1587629210.735282
684768.298509 3112590.548513 57.592107 0.003126 0.004863 -0.897220 0.441545 1587629210.715251
1.880751 0.097353 -0.006063 0.003461 0.000729 0.017323 0.999844 1587629211.034877
684768.085020 3112590.281108 57.579557 0.004136 0.004026 -0.896943 0.442108 1587629211.012269
2.164540 0.044950 0.002259 0.003795 -0.001228 0.018336 0.999824 1587629211.235322
684767.947562 3112590.092648 57.581470 0.002220 0.004022 -0.895781 0.444472 1587629211.212262
2.381954 0.094737 0.007848 0.001815 -0.000179 0.017011 0.999854 1587629211.435223
684767.816894 3112589.906172 57.581753 0.002415 0.005718 -0.895628 0.444761 1587629211.413231
2.609762 0.115384 -0.005397 0.001533 -0.001142 0.015513 0.999878 1587629211.634960
684767.678979 3112589.709078 57.596671 0.002150 0.005844 -0.896763 0.442467 1587629211.616257
2.879623 0.066708 -0.002389 0.002072 -0.000284 0.016626 0.999860 1587629211.834992
684767.540411 3112589.516132 57.578281 0.002568 0.005187 -0.896173 0.443667 1587629211.812326
3.237744 0.110477 0.008839 0.001233 0.000085 0.009474 0.999954 1587629212.134001
684767.317111 3112589.238151 57.576833 0.002561 0.005472 -0.899018 0.437870 1587629212.115427
3.456806 0.101408 -0.002055 0.001507 -0.000160 0.005250 0.999985 1587629212.333507
684767.175158 3112589.038770 57.575145 0.003378 0.005676 -0.900201 0.435424 1587629212.312338
3.720618 0.042895 -0.006395 0.002487 0.000970 0.002542 0.999993 1587629212.534889
684767.023289 3112588.840148 57.572693 0.004440 0.004740 -0.903292 0.428978 1587629212.511560
3.821324 0.127169 -0.009912 0.003122 0.000127 -0.004100 0.999987 1587629212.633655
684766.949145 3112588.748109 57.564990 0.004308 0.004042 -0.903521 0.428504 1587629212.615436
4.051432 0.182222 -0.001225 0.003349 0.000444 -0.007904 0.999963 1587629212.734607
684766.860643 3112588.658247 57.571329 0.004386 0.004183 -0.905363 0.424596 1587629212.713410
4.303919 0.058947 0.004787 0.002327 -0.000099 -0.016704 0.999858 1587629213.033914
684766.646761 3112588.376780 57.570281 0.003280 0.005162 -0.909955 0.414661 1587629213.017424
4.416049 -0.073262 0.006579 0.001765 0.000135 -0.017043 0.999853 1587629213.133428
684766.570387 3112588.290752 57.573953 0.003647 0.005098 -0.912325 0.409420 1587629213.119473
4.568451 0.069648 0.007788 0.002718 0.000220 -0.024118 0.999705 1587629213.234589
684766.497462 3112588.178655 57.591295 0.003680 0.004531 -0.913188 0.407496 1587629213.216438
4.866723 0.042791 0.004949 0.003820 -0.001126 -0.034340 0.999402 1587629213.434396
684766.306884 3112587.995569 57.571923 0.003369 0.002969 -0.915589 0.402091 1587629213.411708
5.051205 -0.127136 0.013694 0.003370 -0.000505 -0.038191 0.999265 1587629213.635329
684766.132332 3112587.819937 57.580423 0.003344 0.003891 -0.919055 0.394095 1587629213.607584
5.399361 -0.012501 0.014225 0.001944 -0.000295 -0.047853 0.998852 1587629213.834210
684765.966338 3112587.630362 57.589152 0.002751 0.005159 -0.921789 0.387648 1587629213.806520
5.677098 -0.017715 0.011588 0.001633 -0.001317 -0.056544 0.998398 1587629214.034921
684765.794108 3112587.438103 57.591335 0.002471 0.005394 -0.925012 0.379891 1587629214.009681
5.904042 -0.106328 0.031416 0.002066 -0.000548 -0.063728 0.997965 1587629214.233468
684765.612921 3112587.252952 57.574525 0.002262 0.004902 -0.926652 0.375881 1587629214.210801
6.115993 -0.191204 0.026193 0.002351 -0.001591 -0.071133 0.997463 1587629214.433468
684765.432563 3112587.075153 57.591748 0.001740 0.004483 -0.929836 0.367942 1587629214.411767
6.333938 -0.205363 0.016285 0.001773 -0.002277 -0.074832 0.997192 1587629214.535217
684765.342326 3112586.983425 57.591754 0.001322 0.004658 -0.930896 0.365252 1587629214.507721
6.605451 -0.190691 0.024750 0.001430 -0.003471 -0.084740 0.996396 1587629214.734826
684765.168200 3112586.827380 57.593127 0.000184 0.004674 -0.935223 0.354028 1587629214.726662
6.741361 -0.382967 0.034276 0.001802 -0.003543 -0.082491 0.996584 1587629214.833612
684765.054635 3112586.726884 57.599658 -0.000039 0.004266 -0.934754 0.355270 1587629214.808596
7.039688 -0.302693 0.040388 0.002548 -0.003616 -0.094003 0.995562 1587629215.034481
684764.847984 3112586.540283 57.599458 -0.000003 0.003575 -0.937990 0.346644 1587629215.005696
7.145775 -0.520315 0.039576 0.002725 -0.003839 -0.093692 0.995590 1587629215.133495
684764.745158 3112586.455114 57.599239 0.000311 0.003450 -0.938598 0.344995 1587629215.112628
7.519575 -0.441767 0.038391 0.002551 -0.004030 -0.108649 0.994069 1587629215.333613
684764.524464 3112586.264028 57.596064 -0.000155 0.004098 -0.941740 0.336318 1587629215.306790
7.712062 -0.521040 0.039104 0.000477 -0.004457 -0.116580 0.993171 1587629215.533506
684764.295415 3112586.073248 57.619010 -0.001156 0.005997 -0.944985 0.327056 1587629215.505810
8.024136 -0.649687 0.042342 -0.000659 -0.004339 -0.122458 0.992464 1587629215.734096
684764.068556 3112585.879625 57.618039 -0.001140 0.006338 -0.947221 0.320516 1587629215.707832
8.062591 -0.770534 0.044318 0.000205 -0.003454 -0.124203 0.992251 1587629215.833469
684763.955166 3112585.781032 57.604654 -0.000455 0.005477 -0.949611 0.313383 1587629215.807881
8.445926 -0.821940 0.037848 0.002686 -0.004765 -0.136780 0.990586 1587629216.033454
684763.693098 3112585.599039 57.610156 0.000202 0.002861 -0.953006 0.302938 1587629216.006836
8.663286 -0.857344 0.049643 0.003525 -0.004428 -0.141530 0.989918 1587629216.133427
684763.560965 3112585.508018 57.611552 0.000834 0.003015 -0.954300 0.298834 1587629216.110804
8.972923 -1.008777 0.032033 0.001954 -0.002170 -0.151374 0.988472 1587629216.333449
684763.293431 3112585.315862 57.622971 0.001708 0.006705 -0.957414 0.288636 1587629216.310937
9.196059 -1.001235 0.034355 -0.000365 -0.001681 -0.158897 0.987294 1587629216.433546
684763.163147 3112585.202623 57.628592 0.001449 0.008316 -0.959456 0.281732 1587629216.406888
9.445405 -1.139960 0.035265 -0.002560 -0.000983 -0.165430 0.986218 1587629216.634261
684762.873811 3112585.011760 57.634855 0.001516 0.009289 -0.961109 0.276009 1587629216.604772
9.649706 -1.238396 0.025660 -0.002324 -0.001280 -0.170443 0.985364 1587629216.733486
684762.752975 3112584.914390 57.652927 0.002350 0.008491 -0.961899 0.273265 1587629216.702918
9.876394 -1.213325 0.025181 -0.000475 -0.001290 -0.178487 0.983941 1587629216.834389
684762.607824 3112584.834424 57.643208 0.002928 0.007069 -0.962608 0.270790 1587629216.806948
9.936850 -1.387272 0.028950 0.001129 -0.000776 -0.180944 0.983492 1587629216.933882
684762.448677 3112584.755400 57.639737 0.003516 0.005936 -0.964083 0.265510 1587629216.904958
10.245669 -1.487868 0.043333 0.002287 -0.000413 -0.191307 0.981527 1587629217.133983
684762.153145 3112584.593984 57.630371 0.003824 0.006041 -0.966834 0.255305 1587629217.109951
10.443885 -1.568025 0.034183 0.001164 -0.000237 -0.196709 0.980461 1587629217.234993
684761.996378 3112584.501332 57.640345 0.003639 0.007297 -0.968892 0.247350 1587629217.201046
10.530164 -1.703076 0.034169 -0.000458 -0.000278 -0.200996 0.979592 1587629217.333860
684761.855640 3112584.414643 57.650065 0.003223 0.008754 -0.970642 0.240346 1587629217.300035
10.814602 -1.624002 0.036635 -0.001148 0.000530 -0.207976 0.978133 1587629217.433846
684761.713991 3112584.327979 57.645218 0.002935 0.010033 -0.972005 0.234728 1587629217.400040
10.897960 -1.833174 0.034737 -0.002824 0.000112 -0.210113 0.977673 1587629217.534815
684761.566720 3112584.239000 57.659188 0.002522 0.010604 -0.972612 0.232181 1587629217.501046
11.162391 -1.971212 0.035351 -0.003392 -0.000303 -0.215404 0.976519 1587629217.735330
684761.293360 3112584.081081 57.680365 0.001988 0.009850 -0.974643 0.223542 1587629217.717070
11.390953 -2.034208 0.045683 -0.002319 -0.000655 -0.218252 0.975889 1587629217.836054
684761.132476 3112584.007149 57.682179 0.002041 0.008843 -0.974413 0.224580 1587629217.820030
11.553215 -2.160638 0.042306 -0.001933 -0.001411 -0.221159 0.975235 1587629217.933572
684760.960598 3112583.935264 57.683918 0.001888 0.007780 -0.975275 0.220849 1587629217.907498
11.613638 -2.216724 0.054269 -0.000084 -0.001254 -0.224238 0.974534 1587629218.034779
684760.795163 3112583.860318 57.670981 0.002101 0.006553 -0.976699 0.214503 1587629218.000283
11.893782 -2.408410 0.055061 0.001257 -0.002173 -0.229789 0.973237 1587629218.233846
684760.492967 3112583.730893 57.687216 0.002403 0.005229 -0.978640 0.205502 1587629218.214179
12.287175 -2.557140 0.042230 0.001088 -0.003394 -0.238495 0.971137 1587629218.434275
684760.173700 3112583.586866 57.679181 0.001672 0.004935 -0.979312 0.202287 1587629218.399314
12.591786 -2.684437 0.057116 0.001394 -0.002821 -0.243300 0.969946 1587629218.634991
684759.859167 3112583.442939 57.684134 0.002011 0.006133 -0.980702 0.195403 1587629218.603374
12.777507 -2.927203 0.052610 0.002126 -0.001316 -0.242226 0.970217 1587629218.835376
684759.538053 3112583.295469 57.698592 0.003164 0.004848 -0.980646 0.195706 1587629218.798944
13.059942 -2.975022 0.052205 0.003265 -0.001966 -0.248363 0.968660 1587629218.938997
684759.368096 3112583.227274 57.697102 0.003792 0.003485 -0.981616 0.190795 1587629218.898875
13.084583 -3.181860 0.085144 0.005064 -0.000102 -0.245280 0.969439 1587629219.034685
684759.216231 3112583.171373 57.696858 0.004958 0.002066 -0.982354 0.186954 1587629218.999264
13.309273 -3.154439 0.047439 0.006775 -0.001167 -0.252084 0.967681 1587629219.134267
684759.059585 3112583.113148 57.695075 0.005953 0.000615 -0.982800 0.184575 1587629219.103297
13.520502 -3.261064 0.037478 0.008050 -0.001627 -0.252189 0.967643 1587629219.234302
684758.884660 3112583.053444 57.679409 0.006601 -0.000472 -0.982987 0.183558 1587629219.205004
13.662247 -3.488156 0.038165 0.009515 -0.001735 -0.254534 0.967015 1587629219.434478
684758.551893 3112582.930014 57.697306 0.006571 -0.000711 -0.983963 0.178249 1587629219.401335
13.894536 -3.624975 0.041660 0.007778 -0.001809 -0.254653 0.966999 1587629219.533710
684758.386924 3112582.863344 57.698608 0.006058 -0.000306 -0.984712 0.174082 1587629219.500335
14.108286 -3.608288 0.052955 0.007472 -0.001762 -0.261045 0.965296 1587629219.634719
684758.224992 3112582.792419 57.701070 0.006405 0.000125 -0.984846 0.173311 1587629219.598486
14.349184 -3.711420 0.058257 0.007409 -0.000145 -0.260217 0.965522 1587629219.733438
684758.064058 3112582.728640 57.711171 0.007160 0.000622 -0.984857 0.173220 1587629219.699100
14.521645 -3.880987 0.067324 0.007967 0.000745 -0.263925 0.964510 1587629219.934537
684757.737499 3112582.591647 57.709015 0.006366 0.000774 -0.985016 0.172346 1587629219.900934
14.684855 -4.011189 0.044061 0.007143 -0.001288 -0.263949 0.964509 1587629220.033507
684757.570651 3112582.530602 57.716758 0.005984 0.001013 -0.985555 0.169244 1587629219.995334
14.915928 -4.224562 0.028269 0.005909 -0.000428 -0.265296 0.964149 1587629220.234232
684757.226304 3112582.402007 57.712468 0.007715 0.002999 -0.985136 0.171578 1587629220.197345
15.176212 -4.304507 0.056937 0.005636 0.002406 -0.266721 0.963754 1587629220.334422
684757.054066 3112582.327814 57.717966 0.007992 0.004433 -0.985150 0.171454 1587629220.295454
15.422096 -4.457185 0.044704 0.003096 0.002240 -0.266369 0.963864 1587629220.534433
684756.732502 3112582.195204 57.729321 0.006726 0.006261 -0.986062 0.166122 1587629220.497304
15.606937 -4.554457 0.037303 0.002460 0.001642 -0.265345 0.964149 1587629220.634571
684756.582192 3112582.128025 57.736328 0.006428 0.006591 -0.986756 0.161951 1587629220.614486
15.892895 -4.624584 0.031974 0.002647 0.001123 -0.269318 0.963047 1587629220.734516
684756.401534 3112582.054933 57.747532 0.006846 0.006062 -0.986184 0.165402 1587629220.698535
16.023180 -4.925592 0.026038 0.005728 0.003154 -0.264728 0.964301 1587629220.934811
684756.042427 3112581.920025 57.727363 0.009787 0.003998 -0.987228 0.158963 1587629220.896468
16.217695 -5.017199 0.037945 0.008122 0.004649 -0.266260 0.963856 1587629221.033501
684755.894501 3112581.876934 57.731398 0.010395 0.003433 -0.987633 0.156398 1587629220.992206
16.422652 -5.068496 0.005127 0.006011 0.002071 -0.267848 0.963440 1587629221.133759
684755.778362 3112581.844012 57.733336 0.010482 0.003161 -0.987000 0.160347 1587629220.992206
16.611499 -5.158970 0.003640 0.006413 0.002486 -0.266456 0.963823 1587629221.233530
684755.564645 3112581.752145 57.760132 0.011347 0.003476 -0.986248 0.164847 1587629221.224231
16.888233 -5.318695 0.023923 0.007219 0.005166 -0.263539 0.964608 1587629221.433541
684755.163020 3112581.595622 57.728325 0.011314 0.004219 -0.984985 0.172219 1587629221.392443
17.103118 -5.490083 0.041944 0.008254 0.005775 -0.257446 0.966240 1587629221.634403
684754.832499 3112581.477884 57.707614 0.011299 0.003611 -0.984825 0.173142 1587629221.597646
17.334185 -5.584481 0.000669 0.006804 0.003440 -0.257835 0.966159 1587629221.734160
684754.682409 3112581.413139 57.738144 0.011458 0.002443 -0.984619 0.174321 1587629221.708601
17.668696 -5.756191 0.016334 0.007294 0.001740 -0.256051 0.966634 1587629221.936288
684754.340957 3112581.279285 57.754974 0.009772 0.002055 -0.983773 0.179138 1587629221.897243
17.934171 -5.895228 0.019709 0.004807 0.002890 -0.250681 0.968053 1587629222.134299
684754.057273 3112581.166253 57.788189 0.009550 0.005784 -0.984299 0.176154 1587629222.104631
18.125072 -5.963857 -0.004265 0.002125 0.001723 -0.248721 0.968571 1587629222.234090
684753.875802 3112581.088376 57.751141 0.008059 0.008087 -0.982864 0.183980 1587629222.195436
18.279314 -6.043458 0.008344 -0.000737 0.001622 -0.243061 0.970009 1587629222.335293
684753.726108 3112580.998167 57.732411 0.007150 0.010087 -0.981435 0.191397 1587629222.299565
18.547436 -6.162163 0.002509 -0.002349 0.002013 -0.236495 0.971628 1587629222.533468
684753.408603 3112580.866314 57.688936 0.006899 0.010614 -0.979871 0.199230 1587629222.493517
18.839999 -6.312543 0.014391 0.000277 0.001048 -0.229932 0.973206 1587629222.734403
684753.132246 3112580.754637 57.721764 0.006928 0.007530 -0.980282 0.197340 1587629222.711645
19.055382 -6.491512 0.022389 0.001300 -0.000509 -0.223544 0.974693 1587629222.935427
684752.814098 3112580.635009 57.680060 0.005091 0.006642 -0.978562 0.205783 1587629222.897617
19.347837 -6.446079 -0.006376 -0.001548 -0.004142 -0.224280 0.974515 1587629223.034362
684752.692893 3112580.557938 57.642158 0.005193 0.007162 -0.978296 0.207022 1587629222.993553
19.484145 -6.556200 0.011824 0.000752 -0.001016 -0.219624 0.975584 1587629223.133737
684752.567362 3112580.471480 57.668555 0.006704 0.008048 -0.975495 0.219772 1587629223.116654
19.557769 -6.620627 -0.002496 -0.000148 0.000416 -0.215200 0.976570 1587629223.234528
684752.392572 3112580.368302 57.662063 0.006896 0.008050 -0.974885 0.222456 1587629223.195725
19.681690 -6.671260 0.006547 -0.000993 -0.000978 -0.211341 0.977411 1587629223.333598
684752.242945 3112580.277660 57.687472 0.005206 0.007410 -0.973154 0.229975 1587629223.293689
19.873136 -6.812486 0.012825 0.000454 -0.002798 -0.207074 0.978321 1587629223.435414
684752.093501 3112580.221420 57.718134 0.004510 0.006391 -0.972071 0.234558 1587629223.392732
20.103877 -6.904865 0.007754 0.003450 -0.001455 -0.202653 0.979244 1587629223.635381
684751.814544 3112580.098864 57.798802 0.006695 0.004641 -0.972416 0.233112 1587629223.590802
20.340043 -6.942215 0.007986 0.001454 -0.002896 -0.200026 0.979785 1587629223.735157
684751.673549 3112580.012088 57.818550 0.006589 0.003979 -0.973010 0.230634 1587629223.690794
20.614484 -7.051614 0.019203 0.002483 -0.001482 -0.192077 0.981376 1587629223.934236
684751.380923 3112579.863578 57.761183 0.007615 0.004519 -0.971040 0.238751 1587629223.891778
20.924466 -7.071119 0.014602 0.002589 -0.001992 -0.184421 0.982842 1587629224.133542
684751.178190 3112579.675267 57.838256 0.006291 0.005187 -0.971968 0.234971 1587629224.115866
21.201615 -7.258730 0.017261 0.002141 0.000251 -0.170476 0.985360 1587629224.333585
684750.920867 3112579.467596 57.901415 0.008120 0.006348 -0.975480 0.219847 1587629224.295449
21.557161 -7.336344 0.014847 0.001263 -0.001705 -0.157345 0.987541 1587629224.533792
684750.640117 3112579.274410 57.901417 0.006659 0.005871 -0.973987 0.226428 1587629224.494886
21.844869 -7.361467 0.015463 0.003015 -0.000347 -0.149766 0.988717 1587629224.734244
684750.341110 3112579.106025 57.909342 0.008334 0.004735 -0.968697 0.248061 1587629224.692028
22.051181 -7.464699 0.012780 0.002755 -0.001174 -0.140767 0.990038 1587629224.833598
684750.195935 3112579.008942 57.919492 0.007858 0.004098 -0.966526 0.256414 1587629224.789911
22.399589 -7.486976 0.016606 0.004294 -0.001548 -0.131084 0.991361 1587629225.034131
684749.934378 3112578.821938 57.988634 0.007949 0.004194 -0.961536 0.274532 1587629224.988884
22.736116 -7.507429 0.041695 0.002904 0.000056 -0.119286 0.992856 1587629225.234620
684749.605445 3112578.632873 57.897417 0.006959 0.005834 -0.954793 0.297134 1587629225.193913
22.818756 -7.604306 0.030720 0.002452 -0.001170 -0.108755 0.994065 1587629225.334544
684749.483059 3112578.511974 57.905876 0.006745 0.006131 -0.953710 0.300590 1587629225.290019
23.197422 -7.601477 0.031997 0.003228 -0.000417 -0.099173 0.995065 1587629225.534428
684749.286803 3112578.235287 58.049795 0.007533 0.005072 -0.953713 0.300581 1587629225.492234
23.399969 -7.648888 0.022764 0.003554 -0.001140 -0.092399 0.995715 1587629225.633899
684749.167954 3112578.096079 58.102124 0.007757 0.004247 -0.953717 0.300575 1587629225.591148
23.745766 -7.695104 0.051247 0.005329 0.000276 -0.079860 0.996792 1587629225.834695
684748.911682 3112577.861819 58.156066 0.008598 0.003596 -0.953715 0.300567 1587629225.793166
24.122394 -7.650208 0.043524 0.004360 -0.000059 -0.069736 0.997556 1587629226.033453
684748.668505 3112577.634853 58.170670 0.008219 0.004367 -0.953713 0.300574 1587629225.988183
24.247230 -7.807908 0.059951 0.003844 0.000386 -0.055743 0.998438 1587629226.134010
684748.596632 3112577.560389 58.165494 0.008043 0.004964 -0.953710 0.300579 1587629225.988183
24.406695 -7.781666 0.029080 0.002937 -0.001010 -0.052125 0.998636 1587629226.234346
684748.419248 3112577.361935 58.120858 0.008083 0.005045 -0.953709 0.300580 1587629226.212941
24.612892 -7.761815 0.056832 0.002591 0.000311 -0.044421 0.999010 1587629226.334662
684748.264306 3112577.222643 58.121064 0.007809 0.004395 -0.953716 0.300576 1587629226.287874
24.760470 -7.745198 0.030973 0.003815 -0.000965 -0.039629 0.999207 1587629226.434322
684748.113890 3112577.121789 58.044809 0.008272 0.003483 -0.953718 0.300567 1587629226.388157
24.944936 -7.776121 0.042781 0.005813 -0.000027 -0.033788 0.999412 1587629226.534358
684747.992905 3112577.005243 58.011692 0.009217 0.002621 -0.953716 0.300556 1587629226.489127
25.287840 -7.764402 0.057388 0.005350 0.000436 -0.021923 0.999745 1587629226.735505
684747.762385 3112576.712333 58.063904 0.009000 0.002103 -0.953720 0.300553 1587629226.688114
25.474996 -7.678422 0.054852 0.006176 -0.000103 -0.024429 0.999682 1587629226.833791
684747.618530 3112576.609083 58.011531 0.008787 0.002643 -0.953719 0.300559 1587629226.787242
25.683565 -7.760888 0.040061 0.005713 0.000006 -0.013446 0.999893 1587629226.935511
684747.489160 3112576.483676 57.974080 0.008990 0.003520 -0.953713 0.300565 1587629226.886945
26.026348 -7.721975 0.050886 0.002983 0.000191 -0.006591 0.999974 1587629227.133847
684747.283321 3112576.231338 57.958224 0.008096 0.004818 -0.953711 0.300578 1587629227.112049
26.145639 -7.697975 0.036927 0.002649 -0.001269 -0.003849 0.999988 1587629227.234152
684747.151940 3112576.049090 57.971347 0.007490 0.004855 -0.953715 0.300580 1587629227.190174
26.376702 -7.716895 0.059408 0.002749 -0.000641 0.002485 0.999993 1587629227.334062
684747.055032 3112575.877652 58.035119 0.007281 0.004732 -0.953717 0.300580 1587629227.286252
26.734002 -7.724243 0.062208 0.003756 -0.000181 0.010113 0.999942 1587629227.535438
684746.857009 3112575.555486 58.144579 0.008019 0.004400 -0.953714 0.300575 1587629227.484752
27.080785 -7.658448 0.055419 0.004176 0.000290 0.014613 0.999884 1587629227.734470
684746.546711 3112575.318995 58.030902 0.008058 0.004473 -0.930361 0.366528 1587629227.684860
27.380620 -7.627669 0.083041 0.005241 0.000769 0.020694 0.999772 1587629227.935326
684746.332279 3112575.026940 58.011370 0.008004 0.004000 -0.902932 0.429691 1587629227.884178
27.680821 -7.512579 0.054158 0.005288 -0.000031 0.020291 0.999780 1587629228.034780
684746.249278 3112574.866570 58.045672 0.008645 0.004226 -0.902926 0.429688 1587629227.984029
27.943195 -7.519312 0.061592 0.004203 0.001748 0.026606 0.999636 1587629228.233458
684746.031269 3112574.532405 58.086686 0.008752 0.006077 -0.902910 0.429699 1587629228.184302
28.161945 -7.552948 0.055564 0.002993 0.001499 0.031907 0.999485 1587629228.334659
684745.899655 3112574.386334 58.025088 0.007669 0.006653 -0.902911 0.429708 1587629228.280303
28.363234 -7.561756 0.062948 0.001673 0.000091 0.032605 0.999467 1587629228.433456
684745.806385 3112574.214473 58.001362 0.007127 0.006875 -0.902912 0.429712 1587629228.382315
28.571390 -7.575708 0.061689 0.001693 0.000268 0.038454 0.999259 1587629228.534044
684745.717752 3112574.041421 58.101449 0.007670 0.006555 -0.902912 0.429708 1587629228.482216
28.913440 -7.430392 0.048806 0.004389 0.001084 0.039752 0.999199 1587629228.734252
684745.488756 3112573.737633 58.093144 0.009190 0.004246 -0.902923 0.429684 1587629228.680264
29.158562 -7.457409 0.064076 0.005756 0.001263 0.041918 0.999104 1587629228.835204
684745.380632 3112573.576311 58.054850 0.009706 0.002986 -0.902928 0.429671 1587629228.779360
29.569088 -7.404783 0.056333 0.007526 0.001320 0.043106 0.999041 1587629229.034969
684745.121544 3112573.260228 58.023860 0.010090 0.003239 -0.902924 0.429669 1587629228.981439
29.751835 -7.543154 0.059066 0.006382 0.002294 0.050013 0.998726 1587629229.134574
684745.027976 3112573.096480 58.043113 0.009801 0.004757 -0.902915 0.429682 1587629229.101414
29.926807 -7.341718 0.049161 0.004244 0.001529 0.045927 0.998935 1587629229.234735
684744.914261 3112572.910571 58.039144 0.009194 0.006554 -0.902902 0.429699 1587629229.182390
30.335641 -7.300805 0.053368 0.001428 0.001910 0.051287 0.998681 1587629229.433944
684744.666142 3112572.632370 57.955677 0.008824 0.007765 -0.893914 0.448085 1587629229.381536
30.534637 -7.431982 0.058316 0.002050 0.002086 0.055948 0.998429 1587629229.533453
684744.556965 3112572.468097 57.951749 0.009004 0.007097 -0.885275 0.464926 1587629229.482468
30.796046 -7.321809 0.053999 0.005038 0.001251 0.055801 0.998428 1587629229.734755
684744.357771 3112572.122136 57.940944 0.009511 0.004773 -0.885295 0.464908 1587629229.681615
31.050802 -7.258700 0.059534 0.004649 0.000794 0.056780 0.998376 1587629229.834605
684744.261633 3112571.967261 57.974869 0.009660 0.004111 -0.885300 0.464902 1587629229.780641
31.371468 -7.237360 0.061905 0.005714 0.001370 0.058786 0.998253 1587629230.033798
684744.035661 3112571.681930 57.915198 0.009669 0.004630 -0.885296 0.464905 1587629229.981682
31.765964 -7.147926 0.057839 0.004444 0.000319 0.060402 0.998164 1587629230.234559
684743.851770 3112571.354149 57.953066 0.008695 0.005256 -0.885296 0.464917 1587629230.183620
32.123561 -7.093535 0.060640 0.003961 0.000098 0.065003 0.997877 1587629230.433841
684743.658843 3112571.050327 57.937197 0.008783 0.006057 -0.876378 0.481506 1587629230.382852
32.336228 -7.107523 0.059281 0.003344 0.000237 0.063342 0.997986 1587629230.534961
684743.546277 3112570.918934 57.901080 0.008908 0.006299 -0.874258 0.485338 1587629230.483862
32.665220 -7.032459 0.050048 0.004143 -0.000382 0.068136 0.997667 1587629230.735498
684743.354294 3112570.617133 57.880855 0.009232 0.006040 -0.869899 0.493107 1587629230.683759
33.001995 -6.961846 0.042341 0.005123 0.001457 0.073131 0.997308 1587629230.935941
684743.105486 3112570.369201 57.633605 0.011314 0.006002 -0.867308 0.497608 1587629230.888195
33.337118 -6.887855 0.042716 0.005678 0.002605 0.078126 0.996924 1587629231.135432
684742.959232 3112570.083431 57.664575 0.012292 0.006569 -0.863021 0.504975 1587629231.114692
33.648455 -6.843045 0.045945 0.003343 0.003446 0.085203 0.996352 1587629231.335489
684742.791536 3112569.756128 57.836703 0.011587 0.007818 -0.864365 0.502670 1587629231.287702
33.910025 -6.769180 0.050933 0.002295 0.001442 0.094428 0.995528 1587629231.533893
684742.668464 3112569.423058 57.980276 0.010050 0.008325 -0.849576 0.527305 1587629231.489680
34.121207 -6.691798 0.070972 0.002183 0.002486 0.096504 0.995327 1587629231.633509
684742.563256 3112569.314263 57.938441 0.010161 0.008124 -0.852437 0.522667 1587629231.589711
34.433060 -6.689011 0.079536 0.002458 0.001209 0.108001 0.994147 1587629231.833610
684742.411559 3112569.039709 57.869495 0.009671 0.006854 -0.851919 0.523539 1587629231.793952
34.711558 -6.609848 0.071971 0.003303 0.001108 0.115185 0.993338 1587629232.033522
684742.283978 3112568.755663 57.849836 0.009711 0.006605 -0.843925 0.536333 1587629231.991899
34.907002 -6.549883 0.064920 0.003227 0.000102 0.122209 0.992499 1587629232.133523
684742.216278 3112568.624793 57.826046 0.009059 0.006363 -0.842262 0.538954 1587629232.111827
35.169158 -6.462811 0.067238 0.002496 -0.000914 0.128348 0.991726 1587629232.334677
684742.067041 3112568.333148 57.849212 0.008434 0.007281 -0.838000 0.545556 1587629232.285784
35.447145 -6.352826 0.060258 0.001797 -0.000959 0.137905 0.990443 1587629232.534338
684741.963083 3112568.072013 57.820143 0.008167 0.007568 -0.837288 0.546648 1587629232.495842
35.686738 -6.224098 0.060960 0.001578 -0.001685 0.145326 0.989381 1587629232.734191
684741.834895 3112567.790503 57.851812 0.007667 0.008119 -0.829174 0.558879 1587629232.685807
35.883759 -6.117641 0.067868 0.000792 -0.001348 0.150296 0.988640 1587629232.834428
684741.780532 3112567.662775 57.839315 0.007575 0.008798 -0.826225 0.563220 1587629232.785886
36.098302 -6.143482 0.060047 -0.000238 -0.002054 0.162866 0.986646 1587629233.033525
684741.706846 3112567.403195 57.845532 0.006921 0.009657 -0.822510 0.568627 1587629232.989953
36.359347 -6.034447 0.063441 -0.000487 -0.002608 0.173051 0.984909 1587629233.235316
684741.592646 3112567.122994 57.802010 0.006530 0.009430 -0.812801 0.582428 1587629233.187852
36.476249 -5.864108 0.074203 -0.000680 -0.001605 0.177068 0.984197 1587629233.335165
684741.553644 3112566.993647 57.769016 0.007251 0.009444 -0.812259 0.583175 1587629233.289952
36.710064 -5.789565 0.058752 0.000238 -0.001370 0.190032 0.981777 1587629233.533530
684741.464100 3112566.722683 57.847546 0.008063 0.008808 -0.807609 0.589598 1587629233.487968
37.033032 -5.602657 0.067529 0.001291 -0.001533 0.198948 0.980008 1587629233.734615
684741.384914 3112566.440028 57.827761 0.008107 0.007986 -0.798233 0.602241 1587629233.689118
37.301681 -5.447070 0.070005 -0.000499 -0.000950 0.214585 0.976705 1587629234.034794
684741.258228 3112566.049554 57.739171 0.007960 0.009221 -0.790953 0.611755 1587629233.987035
37.627953 -5.370492 0.068996 -0.000934 -0.000565 0.229236 0.973370 1587629234.233963
684741.196419 3112565.742008 57.739537 0.007303 0.010707 -0.787091 0.616701 1587629234.192066
37.906414 -5.291302 0.080354 -0.001565 -0.000050 0.247356 0.968923 1587629234.433494
684741.134830 3112565.435625 57.757375 0.007902 0.010586 -0.770920 0.636796 1587629234.394086
38.097072 -5.034442 0.060559 -0.000447 0.000505 0.253491 0.967337 1587629234.633592
684741.102195 3112565.137403 57.799281 0.009280 0.010053 -0.770248 0.637598 1587629234.589270
38.443404 -4.943896 0.053817 -0.000527 -0.000161 0.268788 0.963199 1587629234.834882
684741.025877 3112564.842663 57.715986 0.008687 0.010978 -0.765648 0.643107 1587629234.788109
38.608962 -4.701049 0.063047 -0.002969 -0.000231 0.278687 0.960377 1587629235.033528
684741.018708 3112564.529134 57.765038 0.007491 0.012516 -0.746574 0.665142 1587629234.988135
38.865582 -4.561009 0.064030 -0.003767 0.000202 0.296001 0.955180 1587629235.235261
684740.972096 3112564.231303 57.759284 0.008219 0.012376 -0.744595 0.667351 1587629235.190200
39.015199 -4.332630 0.063086 -0.001669 0.000534 0.307788 0.951453 1587629235.435658
684740.963481 3112563.930574 57.775125 0.009128 0.011158 -0.730508 0.682752 1587629235.392156
39.163551 -4.124316 0.059021 -0.000078 0.000167 0.317967 0.948102 1587629235.634312
684740.925953 3112563.658818 57.753047 0.009314 0.010434 -0.728458 0.684948 1587629235.589170
39.416896 -4.070129 0.060599 -0.000747 0.000116 0.329991 0.943984 1587629235.735208
684740.912518 3112563.522811 57.804385 0.008980 0.010492 -0.725238 0.688360 1587629235.693539
39.276015 -3.855827 0.050596 0.000202 -0.001179 0.329611 0.944116 1587629235.835147
684740.908297 3112563.371351 57.862538 0.008227 0.010540 -0.715322 0.698667 1587629235.790023
39.580711 -3.865659 0.067844 -0.001118 -0.000963 0.343743 0.939063 1587629235.935541
684740.905538 3112563.221630 57.906038 0.007636 0.010767 -0.709043 0.705042 1587629235.888225
39.635275 -3.652079 0.062857 -0.001581 -0.001256 0.353897 0.935282 1587629236.133888
684740.911632 3112562.986848 57.912020 0.007495 0.011237 -0.700428 0.713595 1587629236.126361
39.932931 -3.531790 0.051645 -0.000584 -0.001551 0.372200 0.928151 1587629236.335135
684740.943180 3112562.693972 57.893265 0.008576 0.011021 -0.699200 0.714790 1587629236.289322
39.928787 -3.184833 0.049730 -0.000596 -0.000367 0.379549 0.925171 1587629236.534083
684740.953038 3112562.424394 57.916203 0.009081 0.011388 -0.681071 0.732072 1587629236.491434
40.097401 -3.003188 0.053354 -0.001719 -0.000481 0.392784 0.919629 1587629236.734619
684740.989846 3112562.156074 57.944208 0.008373 0.012357 -0.664827 0.746848 1587629236.694426
40.309457 -2.939879 0.046835 -0.002760 -0.000434 0.402971 0.915209 1587629236.834044
684741.032531 3112562.007990 57.866594 0.008470 0.013099 -0.655800 0.754774 1587629236.791161
40.342996 -2.720156 0.048894 -0.002555 0.000576 0.417486 0.908679 1587629237.035764
684741.097050 3112561.761346 57.787674 0.009686 0.012351 -0.642565 0.766070 1587629236.989503
40.620486 -2.563996 0.051248 -0.000106 0.001227 0.432499 0.901633 1587629237.234756
684741.127010 3112561.506784 57.730935 0.011024 0.011148 -0.628189 0.777902 1587629237.192920
40.515183 -2.390788 0.047378 0.000093 0.001936 0.435615 0.900131 1587629237.333675
684741.151222 3112561.385479 57.736810 0.011759 0.011491 -0.624161 0.781123 1587629237.288445
40.685289 -2.216387 0.045944 -0.000270 0.002849 0.455853 0.890051 1587629237.533506
684741.210829 3112561.148359 57.726130 0.011398 0.012254 -0.612550 0.790255 1587629237.496513
40.801667 -2.043701 0.046571 -0.001192 0.000505 0.473873 0.880592 1587629237.733575
684741.288395 3112560.908982 57.735189 0.009707 0.011771 -0.601523 0.798710 1587629237.690536
40.896994 -1.833478 0.040470 -0.000871 0.001320 0.492753 0.870168 1587629237.933622
684741.368072 3112560.673194 57.726699 0.010726 0.012296 -0.592714 0.805247 1587629237.889640
40.868101 -1.532705 0.035089 -0.000026 0.000904 0.502652 0.864488 1587629238.134012
684741.454421 3112560.441318 57.727430 0.010508 0.011296 -0.571604 0.820384 1587629238.117593
41.032526 -1.288175 0.032986 0.001029 0.001464 0.522634 0.852556 1587629238.335797
684741.567052 3112560.160765 57.765635 0.011594 0.010028 -0.552188 0.833579 1587629238.289535
41.057834 -1.028065 0.047946 0.003401 0.001104 0.536991 0.843580 1587629238.534226
684741.667794 3112559.922586 57.755074 0.012389 0.007388 -0.537495 0.843144 1587629238.497731
41.097504 -0.814501 0.052741 0.004714 0.002108 0.554092 0.832439 1587629238.734578
684741.797098 3112559.670637 57.777391 0.012846 0.006575 -0.514736 0.857227 1587629238.690696
41.202608 -0.519404 0.056863 0.004840 0.000185 0.571954 0.820272 1587629238.933490
684741.924852 3112559.439070 57.753820 0.011360 0.006705 -0.504406 0.863366 1587629238.890650
41.239395 -0.230622 0.052487 0.003204 -0.001249 0.589769 0.807564 1587629239.133549
684742.071377 3112559.227680 57.748173 0.009242 0.006899 -0.477046 0.878803 1587629239.123136
41.121152 -0.066559 0.084150 0.002633 -0.002156 0.595378 0.803438 1587629239.234582
684742.168913 3112559.076703 57.748709 0.007824 0.005571 -0.466841 0.884289 1587629239.195711
41.238764 0.132980 0.079542 0.004431 -0.002255 0.613188 0.789922 1587629239.434173
684742.324701 3112558.871387 57.764363 0.008104 0.005961 -0.445714 0.895119 1587629239.390753
41.227662 0.414617 0.079113 0.002907 -0.002841 0.628811 0.777548 1587629239.634408
684742.495830 3112558.654224 57.780428 0.007389 0.005855 -0.423298 0.905941 1587629239.592819
41.251517 0.659554 0.079190 0.001532 -0.001893 0.645886 0.763430 1587629239.835262
684742.679361 3112558.447182 57.768125 0.006738 0.008225 -0.396466 0.917988 1587629239.790718
41.263801 0.902676 0.089170 -0.001189 -0.003344 0.664257 0.747496 1587629240.034692
684742.847937 3112558.285588 57.745087 0.005084 0.008254 -0.379829 0.925006 1587629239.991724
41.271043 1.119277 0.082115 0.000153 -0.003229 0.678090 0.734971 1587629240.234745
684743.021159 3112558.119141 57.716210 0.005542 0.008721 -0.375626 0.926714 1587629240.209929
41.168376 1.339825 0.085757 -0.000485 -0.002252 0.689886 0.723915 1587629240.435013
684743.220998 3112557.928219 57.777035 0.005760 0.008933 -0.356992 0.934047 1587629240.397959
41.145074 1.566082 0.078081 -0.001248 -0.001613 0.706826 0.707384 1587629240.633892
684743.403643 3112557.765875 57.767906 0.006474 0.010296 -0.332751 0.942936 1587629240.599885
41.114046 1.800652 0.068440 -0.001515 -0.003048 0.719060 0.694940 1587629240.835833
684743.605045 3112557.610250 57.778298 0.006432 0.010518 -0.315650 0.948796 1587629240.801703
41.046894 2.002152 0.081010 -0.002339 -0.001082 0.732131 0.681159 1587629241.033504
684743.781678 3112557.493567 57.749913 0.007441 0.011434 -0.296038 0.955079 1587629240.999018
40.851632 2.160046 0.063748 -0.001361 -0.000259 0.739576 0.673072 1587629241.233736
684743.990765 3112557.352665 57.770357 0.007240 0.011488 -0.278892 0.960226 1587629241.203039
40.847322 2.392642 0.078504 -0.003425 0.000253 0.756590 0.653881 1587629241.433863
684744.193380 3112557.231560 57.784104 0.006644 0.012282 -0.262082 0.964945 1587629241.399972
40.759701 2.690596 0.090526 -0.004747 -0.001245 0.777590 0.628753 1587629241.734004
684744.505447 3112557.065767 57.806147 0.006420 0.012723 -0.232993 0.972374 1587629241.706005
40.756843 2.903183 0.093347 -0.004375 0.000572 0.790520 0.612421 1587629241.935180
684744.723228 3112556.960346 57.763584 0.007662 0.011844 -0.210041 0.977591 1587629241.903917
40.660483 3.102733 0.094863 -0.003338 -0.000139 0.804241 0.594294 1587629242.135267
684744.929583 3112556.873003 57.735373 0.008614 0.010371 -0.196808 0.980349 1587629242.107164
40.550863 3.363741 0.102489 -0.002422 0.001317 0.821127 0.570738 1587629242.334298
684745.168957 3112556.775448 57.749788 0.010350 0.010144 -0.171036 0.985158 1587629242.303161
40.359979 3.541406 0.114207 -0.004711 0.004907 0.832368 0.554182 1587629242.535747
684745.426848 3112556.685239 57.717594 0.012768 0.012722 -0.141823 0.989728 1587629242.500097
40.204839 3.762257 0.097452 -0.005088 0.005940 0.846880 0.531727 1587629242.734594
684745.687365 3112556.611310 57.690888 0.012420 0.013636 -0.120095 0.992591 1587629242.701274
40.086185 3.984033 0.104718 -0.006009 0.005040 0.863872 0.503651 1587629242.933523
684745.953707 3112556.568017 57.653478 0.009138 0.014000 -0.097446 0.995100 1587629242.903033
39.920865 4.104592 0.085844 -0.006547 0.001576 0.876451 0.481443 1587629243.133571
684746.239506 3112556.548851 57.664710 0.005836 0.013729 -0.063814 0.997850 1587629243.102180
39.802370 4.346360 0.083670 -0.006766 0.001675 0.892157 0.451672 1587629243.336806
684746.511464 3112556.537410 57.691255 0.006549 0.013188 -0.034590 0.999293 1587629243.298395
39.542465 4.416704 0.076946 -0.004733 0.003549 0.903101 0.429387 1587629243.533768
684746.753389 3112556.537070 57.654188 0.008300 0.012523 -0.010439 0.999833 1587629243.503366
39.314064 4.592309 0.020418 -0.000981 0.003755 0.913375 0.407100 1587629243.733711
684747.025047 3112556.532731 57.632716 0.007177 0.011544 0.018631 0.999734 1587629243.700249
39.084090 4.760800 0.024963 -0.001884 0.002273 0.924387 0.381445 1587629243.935407
684747.283350 3112556.568787 57.615383 0.004885 0.011972 0.043688 0.998962 1587629243.897352
38.941537 4.858383 0.053577 -0.003218 0.000939 0.935274 0.353909 1587629244.133530
684747.540494 3112556.614578 57.616763 0.004274 0.010563 0.075948 0.997047 1587629244.100253
38.758022 4.960387 0.056950 -0.001998 0.001484 0.943468 0.331456 1587629244.334954
684747.775271 3112556.659560 57.605350 0.005180 0.009988 0.098447 0.995079 1587629244.302411
38.565940 4.875867 0.048657 -0.001195 0.001839 0.946212 0.323540 1587629244.434851
684747.904797 3112556.687326 57.621551 0.005091 0.009696 0.114522 0.993360 1587629244.403431
38.356184 5.060539 0.054822 0.000483 0.000506 0.955859 0.293824 1587629244.634797
684748.134972 3112556.759261 57.601473 0.004621 0.008173 0.137543 0.990451 1587629244.601394
38.175193 5.183136 0.030560 0.000495 0.001271 0.965078 0.261959 1587629244.835386
684748.379308 3112556.835459 57.567887 0.004462 0.008868 0.171360 0.985158 1587629244.798497
37.922915 5.145566 0.052806 0.000277 0.002284 0.971180 0.238337 1587629245.034717
684748.592773 3112556.927013 57.554301 0.005714 0.008367 0.197071 0.980337 1587629244.997522
37.708025 5.125541 0.046933 0.000294 0.003827 0.974709 0.223446 1587629245.235293
684748.817163 3112556.982638 57.621578 0.006484 0.009092 0.221841 0.975019 1587629245.200473
37.431856 5.082206 0.058922 0.000102 0.003318 0.977407 0.211339 1587629245.436082
684749.039403 3112557.084065 57.656176 0.005343 0.008291 0.244843 0.969513 1587629245.397516
37.390232 5.176675 0.050172 -0.000261 0.003487 0.982773 0.184784 1587629245.534888
684749.128563 3112557.134107 57.666571 0.004643 0.008160 0.258845 0.965873 1587629245.498530
37.245055 5.357336 0.047047 0.000606 0.001487 0.990256 0.139247 1587629245.735280
684749.306247 3112557.255140 57.651387 0.003703 0.007317 0.287736 0.957675 1587629245.696538
36.954892 5.243631 0.076525 -0.000464 0.002329 0.992868 0.119193 1587629246.034506
684749.563951 3112557.444733 57.628040 0.003951 0.007067 0.318329 0.947946 1587629245.997600
36.712692 5.213366 0.053918 0.000481 0.001731 0.995561 0.094098 1587629246.235266
684749.722650 3112557.575375 57.630936 0.003140 0.006380 0.338993 0.940762 1587629246.195746
36.657536 5.451417 0.069616 0.000510 0.000662 0.998536 0.054086 1587629246.433522
684749.864748 3112557.712532 57.644272 0.002032 0.005628 0.360185 0.932862 1587629246.399708
36.592190 5.480128 0.063098 -0.002465 0.001958 0.999699 0.024341 1587629246.633519
684750.010488 3112557.867531 57.629732 0.001947 0.007433 0.381531 0.924324 1587629246.607683
36.497718 5.738576 0.056375 -0.001183 0.001370 0.999996 -0.002213 1587629246.734734
684750.095779 3112557.950137 57.639792 0.002752 0.007046 0.392252 0.919827 1587629246.703708
35.119061 4.991370 0.058536 -0.000970 0.005290 0.995311 -0.096576 1587629247.733566
684750.278482 3112558.137883 57.649524 0.005292 0.006898 0.418566 0.908145 1587629247.731450
34.936149 4.899163 0.059564 -0.000028 0.003254 0.993773 -0.111374 1587629247.933421
684750.956106 3112559.220118 57.625172 0.003781 0.006283 0.519276 0.854575 1587629247.896807
34.827850 4.997826 0.069818 -0.000720 0.003643 0.991632 -0.129041 1587629248.033559
684751.020449 3112559.333782 57.620076 0.003942 0.006192 0.525092 0.851014 1587629247.997178
34.703324 4.978861 0.063980 -0.000478 0.004345 0.990714 -0.135891 1587629248.133502
684751.076049 3112559.442809 57.622420 0.004735 0.006271 0.532017 0.846697 1587629248.100476
34.580769 4.852072 0.072170 -0.000902 0.005571 0.990259 -0.139121 1587629248.233505
684751.133697 3112559.561551 57.625368 0.005612 0.006777 0.536597 0.843793 1587629248.201845
34.272067 4.635077 0.063997 -0.002159 0.007317 0.989232 -0.146154 1587629248.433490
684751.259674 3112559.805694 57.636410 0.006491 0.008839 0.548741 0.835920 1587629248.398993
33.890592 4.639585 0.066836 -0.002058 0.007227 0.985499 -0.169516 1587629248.733578
684751.427119 3112560.176155 57.620340 0.005756 0.008276 0.564206 0.825573 1587629248.692002
33.728250 4.456286 0.067732 -0.002311 0.004905 0.983649 -0.180014 1587629248.933516
684751.491820 3112560.449799 57.602206 0.004135 0.007529 0.573840 0.818922 1587629248.890930
33.483411 4.277272 0.063962 -0.000905 0.005558 0.982203 -0.187736 1587629249.133820
684751.583970 3112560.720597 57.585970 0.005416 0.007420 0.584634 0.811245 1587629249.094054
33.364772 4.335719 0.068705 -0.001787 0.006721 0.980334 -0.197222 1587629249.234113
684751.634225 3112560.841033 57.601848 0.006262 0.008237 0.588592 0.808364 1587629249.192995
33.189725 4.258396 0.062038 -0.001435 0.007297 0.979211 -0.202709 1587629249.333580
684751.673918 3112560.972926 57.600568 0.007344 0.008866 0.593067 0.805070 1587629249.303042
33.061157 4.231187 0.079549 -0.002032 0.008166 0.978526 -0.205950 1587629249.433453
684751.710537 3112561.122972 57.598924 0.008147 0.008967 0.596398 0.802598 1587629249.390200
32.948185 4.121065 0.077190 -0.001595 0.008207 0.977942 -0.208708 1587629249.533941
684751.756826 3112561.249083 57.610853 0.008153 0.009016 0.598954 0.800691 1587629249.494043
32.869804 4.056821 0.079143 -0.002495 0.009359 0.977233 -0.211946 1587629249.634382
684751.809726 3112561.378457 57.640948 0.007459 0.009070 0.604015 0.796886 1587629249.596097
32.677418 3.988955 0.062715 -0.001698 0.007892 0.976185 -0.216792 1587629249.734319
684751.847166 3112561.521562 57.649842 0.006869 0.008562 0.605634 0.795668 1587629249.697096
32.593274 4.222359 0.074851 -0.000961 0.006770 0.974782 -0.223054 1587629249.833522
684751.871353 3112561.672406 57.612540 0.006792 0.007876 0.605660 0.795656 1587629249.792073
32.452504 3.842236 0.061750 -0.000393 0.006689 0.974986 -0.222165 1587629249.934157
684751.895545 3112561.812217 57.603813 0.006421 0.007999 0.609285 0.792885 1587629249.890138
32.219494 3.669871 0.065055 -0.001539 0.006164 0.974994 -0.222140 1587629250.133505
684751.985331 3112562.080867 57.651883 0.005575 0.008198 0.615562 0.788026 1587629250.097224
32.041299 3.758345 0.070985 -0.000939 0.005662 0.974043 -0.226288 1587629250.234310
684752.013399 3112562.230438 57.663512 0.005740 0.007366 0.613967 0.789277 1587629250.191189
31.911827 3.561004 0.072184 -0.000024 0.005765 0.974337 -0.225020 1587629250.334338
684752.040696 3112562.368200 57.653870 0.005507 0.006865 0.613621 0.789552 1587629250.292179
31.670533 3.417848 0.074435 -0.000158 0.004353 0.973585 -0.228283 1587629250.535587
684752.102198 3112562.651938 57.644806 0.004670 0.006379 0.621466 0.783402 1587629250.494165
31.384909 3.277469 0.079440 -0.000013 0.005165 0.973062 -0.230486 1587629250.735536
684752.181477 3112562.925876 57.662011 0.004934 0.006731 0.621811 0.783123 1587629250.696267
31.105082 3.172735 0.078923 -0.001604 0.005700 0.973019 -0.230649 1587629250.934281
684752.245353 3112563.220075 57.651636 0.005753 0.008177 0.618187 0.785967 1587629250.894237
30.987764 3.100697 0.059168 -0.000374 0.006394 0.972425 -0.233129 1587629251.034735
684752.280539 3112563.368901 57.623659 0.006453 0.008227 0.621755 0.783142 1587629250.994226
30.860249 2.934412 0.077313 -0.001118 0.006615 0.973199 -0.229868 1587629251.134664
684752.321076 3112563.522894 57.644517 0.006326 0.008139 0.623150 0.782035 1587629251.097273
30.699316 2.982979 0.082650 -0.001765 0.005733 0.972331 -0.233532 1587629251.235395
684752.355380 3112563.672444 57.675193 0.005379 0.007633 0.623151 0.782046 1587629251.180888
30.545989 2.907488 0.073811 -0.001031 0.004590 0.972294 -0.233715 1587629251.333533
684752.384090 3112563.805431 57.680314 0.004521 0.006569 0.624137 0.781274 1587629251.296364
30.287351 2.790924 0.068144 -0.000214 0.002433 0.971613 -0.236565 1587629251.533860
684752.436398 3112564.118731 57.660229 0.002890 0.005353 0.625357 0.780315 1587629251.496353
30.040693 2.554716 0.068244 0.000074 0.002021 0.972439 -0.233151 1587629251.634276
684752.471250 3112564.283757 57.667668 0.003150 0.005119 0.626611 0.779309 1587629251.601233
29.846391 2.489493 0.068698 0.001001 0.003856 0.971333 -0.237690 1587629251.834345
684752.543380 3112564.626526 57.687409 0.005046 0.005119 0.630919 0.775816 1587629251.793938
29.628463 2.499902 0.058437 0.001047 0.003599 0.970572 -0.240782 1587629251.934520
684752.587727 3112564.796292 57.679197 0.005655 0.005416 0.629981 0.776571 1587629251.894095
29.393917 2.370067 0.083527 -0.000616 0.002837 0.970952 -0.239258 1587629252.134367
684752.675521 3112565.140494 57.681591 0.005317 0.005068 0.627726 0.778400 1587629252.101371
29.248870 2.236537 0.084394 -0.000714 0.001456 0.970518 -0.241024 1587629252.234390
684752.711602 3112565.336054 57.679934 0.004271 0.004500 0.628993 0.777386 1587629252.177592
29.017437 2.112616 0.076602 -0.000356 0.000770 0.970377 -0.241595 1587629252.334339
684752.736699 3112565.506660 57.667449 0.003008 0.003711 0.627578 0.778539 1587629252.293435
28.863337 1.933700 0.069373 0.000271 -0.000447 0.970546 -0.240917 1587629252.433491
684752.764779 3112565.693622 57.664984 0.001896 0.002892 0.626162 0.779685 1587629252.392508
28.645034 1.951090 0.086315 -0.000088 -0.001483 0.969864 -0.243641 1587629252.534314
684752.803387 3112565.870547 57.689340 0.001386 0.002319 0.630030 0.776566 1587629252.492415
28.544113 1.819308 0.073194 0.001133 -0.001307 0.969789 -0.243939 1587629252.634785
684752.832520 3112566.057204 57.696908 0.001338 0.002153 0.631851 0.775085 1587629252.596429
28.288435 1.756925 0.084523 0.000533 -0.002709 0.969690 -0.244323 1587629252.734703
684752.862115 3112566.254635 57.674266 0.001269 0.002460 0.632169 0.774825 1587629252.696488
28.210498 1.559295 0.078390 0.000404 -0.001413 0.970223 -0.242207 1587629252.834467
684752.903578 3112566.440417 57.659022 0.001135 0.003035 0.633283 0.773913 1587629252.800471
27.949341 1.604013 0.078461 -0.001162 -0.002076 0.968835 -0.247696 1587629252.934146
684752.938176 3112566.624341 57.652645 0.000728 0.004111 0.634299 0.773076 1587629252.894506
27.838478 1.407254 0.062344 -0.000860 -0.001220 0.969605 -0.244671 1587629253.037163
684752.977319 3112566.812045 57.658788 0.000895 0.004649 0.633306 0.773887 1587629253.005589
27.465698 1.274380 0.076418 -0.001105 -0.000182 0.969128 -0.246556 1587629253.233489
684753.061645 3112567.219564 57.659976 0.001982 0.005332 0.633853 0.773432 1587629253.174567
27.265755 1.194111 0.056043 -0.001435 0.001374 0.968494 -0.249027 1587629253.333512
684753.092234 3112567.396838 57.651306 0.002013 0.006374 0.633109 0.774034 1587629253.292598
26.958501 0.948878 0.048446 -0.002579 0.001040 0.968990 -0.247084 1587629253.533559
684753.172362 3112567.795645 57.617540 0.001658 0.007368 0.633724 0.773523 1587629253.491517
26.612537 0.791460 0.058276 -0.000575 -0.000875 0.968199 -0.250180 1587629253.733934
684753.255857 3112568.183115 57.651259 0.001846 0.006056 0.637187 0.770683 1587629253.692585
26.558677 0.626000 0.076079 -0.001752 0.000285 0.968517 -0.248941 1587629253.833622
684753.290634 3112568.368154 57.671053 0.001439 0.005879 0.635768 0.771856 1587629253.792751
26.249557 0.619179 0.072310 -0.001482 -0.000665 0.967549 -0.252679 1587629253.935122
684753.315077 3112568.566165 57.663123 0.001059 0.005821 0.633979 0.773327 1587629253.892695
25.853426 0.421215 0.065578 0.000995 0.000453 0.967170 -0.254130 1587629254.133446
684753.391055 3112568.931022 57.678617 0.003199 0.005100 0.637093 0.770764 1587629254.095567
25.663499 0.302461 0.059755 0.001347 0.004569 0.966965 -0.254865 1587629254.333556
684753.462148 3112569.288963 57.680204 0.004863 0.007348 0.641394 0.767161 1587629254.294603
25.484282 0.169884 0.054573 -0.000034 0.004931 0.967088 -0.254393 1587629254.434065
684753.499078 3112569.465536 57.672641 0.004619 0.008579 0.641440 0.767111 1587629254.399709
25.379257 0.067577 0.076887 -0.001264 0.003567 0.967567 -0.252586 1587629254.533838
684753.534629 3112569.651774 57.677356 0.004351 0.008107 0.640482 0.767918 1587629254.499656
25.216871 -0.032466 0.067606 0.000269 0.003253 0.967735 -0.251947 1587629254.633453
684753.559016 3112569.837700 57.680114 0.003116 0.007085 0.638591 0.769508 1587629254.600841
25.012169 -0.015010 0.072223 0.000450 0.000845 0.967202 -0.254008 1587629254.733453
684753.577212 3112570.015771 57.674791 0.000946 0.006059 0.636048 0.771625 1587629254.697745
24.865459 -0.154892 0.062503 0.000590 -0.001061 0.967509 -0.252833 1587629254.833982
684753.597865 3112570.192280 57.694029 -0.001218 0.005519 0.635703 0.771913 1587629254.798761
24.702603 -0.214542 0.077723 -0.000457 -0.003622 0.967421 -0.253148 1587629254.935826
684753.625302 3112570.368748 57.708508 -0.001981 0.005279 0.636547 0.771217 1587629254.898892
24.419218 -0.376638 0.077021 -0.000306 -0.001879 0.967884 -0.251389 1587629255.133593
684753.678205 3112570.719305 57.692755 -0.000362 0.006937 0.636772 0.771020 1587629255.101720
24.275507 -0.489984 0.068341 -0.000502 0.000526 0.968700 -0.248233 1587629255.233808
684753.719280 3112570.891395 57.697694 0.000791 0.007840 0.633691 0.773546 1587629255.182707
24.019553 -0.506236 0.085922 -0.000239 0.000372 0.968763 -0.247990 1587629255.433884
684753.796397 3112571.170083 57.697105 0.001176 0.007139 0.627896 0.778264 1587629255.411721
23.914728 -0.720946 0.070976 0.000746 0.000760 0.970247 -0.242114 1587629255.533676
684753.828353 3112571.332093 57.703765 -0.000706 0.006314 0.629677 0.776831 1587629255.501889
23.740110 -0.780170 0.093577 -0.000109 -0.002668 0.970481 -0.241162 1587629255.634506
684753.858084 3112571.495966 57.706513 -0.002163 0.004575 0.628247 0.777997 1587629255.601900
23.587817 -0.730796 0.072083 0.002240 -0.003716 0.969953 -0.243252 1587629255.734241
684753.879119 3112571.655606 57.719605 -0.003379 0.003417 0.627011 0.778995 1587629255.698909
23.467635 -0.958026 0.085704 0.001470 -0.005443 0.971129 -0.238488 1587629255.834945
684753.901219 3112571.821167 57.722352 -0.004595 0.003857 0.627331 0.778730 1587629255.801140
23.208332 -1.022019 0.045512 0.001651 -0.004653 0.971001 -0.239026 1587629255.933766
684753.924451 3112571.998822 57.718768 -0.005174 0.005485 0.625885 0.779879 1587629255.897917
23.192293 -1.126906 0.055973 -0.000804 -0.003663 0.972369 -0.233418 1587629256.034559
684753.951159 3112572.170438 57.711996 -0.004344 0.006702 0.624555 0.780940 1587629255.998931
22.774708 -1.209031 0.068993 -0.001174 -0.003095 0.972632 -0.232326 1587629256.234550
684754.036583 3112572.517500 57.680840 -0.002895 0.008193 0.622016 0.782956 1587629256.179927
22.525166 -1.323255 0.053119 -0.002830 -0.003208 0.973527 -0.228533 1587629256.433561
684754.105346 3112572.808800 57.688498 -0.004542 0.008663 0.616881 0.786996 1587629256.399950
22.125269 -1.499909 0.072983 -0.001835 -0.004023 0.974128 -0.225954 1587629256.633641
684754.182327 3112573.146486 57.715466 -0.005096 0.006627 0.613226 0.789863 1587629256.599970
21.891601 -1.617299 0.055104 -0.000897 -0.005720 0.975188 -0.221302 1587629256.835607
684754.243482 3112573.483112 57.721017 -0.005334 0.005987 0.611169 0.791460 1587629256.801987
21.637711 -1.655136 0.065663 -0.000595 -0.005118 0.975439 -0.220211 1587629256.934411
684754.285796 3112573.650885 57.716397 -0.004939 0.005510 0.611915 0.790889 1587629256.903975
21.416886 -1.778304 0.063963 -0.000433 -0.004692 0.976321 -0.216275 1587629257.134253
684754.368839 3112573.990680 57.722994 -0.004132 0.006403 0.605192 0.796043 1587629257.102992
20.952883 -1.997253 0.059027 -0.000438 -0.002514 0.977240 -0.212122 1587629257.333570
684754.460090 3112574.335560 57.699810 -0.003253 0.006988 0.602872 0.797800 1587629257.299201
20.721715 -2.166481 0.048861 -0.000376 -0.003050 0.978591 -0.205791 1587629257.535218
684754.553384 3112574.687679 57.675399 -0.004328 0.006773 0.601589 0.798766 1587629257.499151
20.356301 -2.270564 0.062159 -0.000722 -0.004949 0.978922 -0.204171 1587629257.735105
684754.641093 3112575.025996 57.694385 -0.005952 0.005796 0.598192 0.801310 1587629257.704117
20.147416 -2.287744 0.053109 -0.000666 -0.004844 0.979116 -0.203243 1587629257.833718
684754.687883 3112575.194843 57.704658 -0.006584 0.006088 0.594455 0.804079 1587629257.803347
19.857664 -2.488188 0.053031 -0.000790 -0.005590 0.980230 -0.197781 1587629258.033501
684754.775404 3112575.539078 57.683136 -0.006084 0.005756 0.594056 0.804380 1587629258.022164
19.517214 -2.563610 0.055120 -0.000098 -0.006327 0.980691 -0.195463 1587629258.235601
684754.916562 3112575.930187 57.722106 -0.007588 0.004773 0.589194 0.807942 1587629258.183282
19.251293 -2.676447 0.047934 0.000452 -0.007673 0.981661 -0.190481 1587629258.334620
684754.962127 3112576.081840 57.729127 -0.008688 0.003752 0.589906 0.807416 1587629258.300417
18.970922 -2.724835 0.062296 0.001601 -0.010573 0.981536 -0.190977 1587629258.534784
684755.054497 3112576.441193 57.707318 -0.009604 0.001531 0.587842 0.808917 1587629258.520451
18.752284 -2.843230 0.057188 0.002006 -0.010163 0.981954 -0.188838 1587629258.634048
684755.104259 3112576.655435 57.700226 -0.009268 0.001694 0.587928 0.808859 1587629258.599261
18.579369 -2.945445 0.071517 0.000963 -0.007753 0.982367 -0.186800 1587629258.734527
684755.155125 3112576.840075 57.692689 -0.008475 0.002810 0.585480 0.810638 1587629258.709357
18.359613 -3.138389 0.045319 0.001154 -0.007199 0.983089 -0.182982 1587629258.833990
684755.236984 3112577.026230 57.726016 -0.007948 0.004038 0.583642 0.811962 1587629258.799334
18.009779 -3.145758 0.043496 -0.000822 -0.006909 0.983123 -0.182811 1587629259.033447
684755.358766 3112577.395059 57.707329 -0.008165 0.005567 0.585078 0.810916 1587629259.003308
17.600224 -3.289293 0.045884 -0.001055 -0.008743 0.983018 -0.183298 1587629259.235983
684755.507013 3112577.808180 57.709754 -0.009438 0.004895 0.582667 0.812641 1587629259.184737
17.445260 -3.422507 0.047723 -0.001076 -0.008385 0.983074 -0.183016 1587629259.334194
684755.552480 3112577.977232 57.703379 -0.009835 0.004222 0.583845 0.811794 1587629259.301306
17.108295 -3.534946 0.055984 -0.000388 -0.009163 0.983017 -0.183286 1587629259.534620
684755.660461 3112578.383323 57.689168 -0.009476 0.003406 0.584725 0.811169 1587629259.499487
16.840214 -3.668751 0.044266 0.000544 -0.008873 0.982895 -0.183950 1587629259.634321
684755.731124 3112578.576559 57.698516 -0.009120 0.002919 0.585966 0.810279 1587629259.600389
16.631465 -3.684043 0.056216 0.000752 -0.009472 0.982367 -0.186723 1587629259.734814
684755.807655 3112578.776911 57.702453 -0.008873 0.002376 0.586755 0.809712 1587629259.702888
16.443143 -3.781229 0.047052 0.001434 -0.009077 0.982774 -0.184583 1587629259.834735
684755.858943 3112578.995427 57.655430 -0.008882 0.002778 0.585168 0.810859 1587629259.800604
16.239940 -3.831515 0.039986 0.000856 -0.007978 0.982297 -0.187159 1587629259.933528
684755.925130 3112579.187309 57.647000 -0.009132 0.003800 0.583612 0.811973 1587629259.902110
15.843293 -3.970255 0.043789 0.000268 -0.008275 0.982159 -0.187871 1587629260.134093
684756.093148 3112579.602409 57.642064 -0.007758 0.003675 0.581978 0.813159 1587629260.104467
15.633136 -4.088447 0.040988 0.001230 -0.006620 0.981892 -0.189323 1587629260.233642
684756.145385 3112579.810722 57.655650 -0.007465 0.004204 0.582885 0.812509 1587629260.183972
15.432065 -4.126811 0.043998 0.000362 -0.006016 0.981725 -0.190212 1587629260.333611
684756.191726 3112579.993745 57.661499 -0.007664 0.005172 0.585045 0.810948 1587629260.302503
15.078235 -4.280131 0.056697 -0.001318 -0.007028 0.981130 -0.193215 1587629260.533489
684756.324790 3112580.413262 57.664520 -0.007206 0.005050 0.587798 0.808960 1587629260.504559
14.817370 -4.418348 0.040976 -0.000196 -0.006012 0.981441 -0.191669 1587629260.633869
684756.396328 3112580.618354 57.681246 -0.007141 0.005327 0.588541 0.808419 1587629260.605473
14.608727 -4.517342 0.028850 -0.000254 -0.005094 0.981248 -0.192684 1587629260.733490
684756.462515 3112580.825157 57.684493 -0.007182 0.006087 0.588255 0.808621 1587629260.704676
14.250921 -4.616584 0.041441 -0.000094 -0.005478 0.980796 -0.194962 1587629260.933457
684756.601471 3112581.253232 57.696302 -0.005295 0.004771 0.595086 0.803631 1587629260.905458
13.992795 -4.756729 0.042789 0.001134 -0.004110 0.980691 -0.195517 1587629261.033477
684756.665757 3112581.457478 57.689758 -0.004925 0.004712 0.594030 0.804414 1587629261.010544
13.764258 -4.843757 0.035429 0.001829 -0.004123 0.980721 -0.195363 1587629261.134336
684756.737181 3112581.683746 57.693331 -0.004915 0.004203 0.590714 0.806855 1587629261.109572
13.380471 -4.981182 0.035850 0.002167 -0.004822 0.979801 -0.199906 1587629261.334488
684756.857351 3112582.097943 57.686166 -0.005678 0.003789 0.592717 0.805382 1587629261.308769
13.167651 -5.089062 0.028275 0.002067 -0.004211 0.979653 -0.200646 1587629261.433474
684756.930365 3112582.319049 57.692415 -0.006748 0.004328 0.595647 0.803206 1587629261.406621
12.965634 -5.136467 0.038147 0.000388 -0.005481 0.979317 -0.202260 1587629261.533527
684756.990354 3112582.531499 57.697449 -0.007126 0.004972 0.595262 0.803484 1587629261.517703
12.800950 -5.265490 0.035553 -0.000132 -0.004453 0.979786 -0.199998 1587629261.633507
684757.067816 3112582.781048 57.707520 -0.006952 0.005827 0.594367 0.804143 1587629261.606694
12.583568 -5.399926 0.026885 -0.001010 -0.002768 0.979885 -0.199542 1587629261.733581
684757.141429 3112582.988259 57.721925 -0.006652 0.007520 0.592189 0.805736 1587629261.710776
12.312026 -5.439948 0.017167 -0.001957 -0.002853 0.978898 -0.204322 1587629261.833636
684757.219580 3112583.211050 57.750833 -0.005622 0.008373 0.595891 0.803002 1587629261.815187
11.934698 -5.704764 0.059848 -0.002817 -0.001675 0.979500 -0.201418 1587629262.034858
684757.356962 3112583.696952 57.728216 -0.004167 0.008558 0.594723 0.803874 1587629262.000660
11.704347 -5.727767 0.025385 -0.001586 -0.000929 0.978740 -0.205095 1587629262.135382
684757.430141 3112583.904620 57.746385 -0.005173 0.008880 0.597701 0.801653 1587629262.111791
11.478498 -5.895861 0.016589 -0.001341 -0.002813 0.979568 -0.201088 1587629262.235336
684757.498946 3112584.145605 57.743156 -0.005581 0.007592 0.596157 0.802813 1587629262.198080
11.286315 -5.963029 0.054048 -0.001332 -0.003859 0.978678 -0.205361 1587629262.333854
684757.542579 3112584.355113 57.690535 -0.005691 0.005978 0.593993 0.804428 1587629262.309555
11.058800 -6.011182 0.030198 0.000834 -0.003553 0.978198 -0.207643 1587629262.433981
684757.583767 3112584.594370 57.651846 -0.006173 0.006155 0.597874 0.801543 1587629262.399862
10.934187 -6.191742 0.041566 -0.000927 -0.002202 0.978869 -0.204473 1587629262.533479
684757.647562 3112584.819005 57.691574 -0.006355 0.007432 0.601120 0.799099 1587629262.504872
10.668784 -6.248867 0.014825 -0.000693 -0.002702 0.978157 -0.207850 1587629262.634452
684757.725132 3112585.048417 57.718332 -0.005466 0.007899 0.600746 0.799382 1587629262.600951
10.415925 -6.365015 0.010566 0.000461 -0.001722 0.978155 -0.207870 1587629262.734560
684757.810775 3112585.254395 57.752601 -0.004236 0.007788 0.601793 0.798603 1587629262.698872
10.075519 -6.556141 0.004604 0.000551 -0.000005 0.978503 -0.206234 1587629262.934302
684757.944730 3112585.656161 57.773432 -0.004857 0.008918 0.599245 0.800502 1587629262.905979
9.918348 -6.588926 0.021863 -0.000892 -0.001691 0.977877 -0.209171 1587629263.035281
684757.985521 3112585.890758 57.718332 -0.005139 0.008359 0.599536 0.800287 1587629263.003013
9.661296 -6.679406 0.025908 -0.000126 -0.002854 0.977361 -0.211558 1587629263.134050
684758.024411 3112586.126282 57.660304 -0.005034 0.007589 0.599902 0.800022 1587629263.105878
9.389075 -6.702244 0.033218 0.000067 -0.001732 0.976142 -0.217127 1587629263.234067
684758.068333 3112586.360280 57.653886 -0.005213 0.008096 0.600840 0.799311 1587629263.179415
9.257451 -6.917534 0.015748 0.000109 -0.000646 0.977035 -0.213078 1587629263.333585
684758.120148 3112586.545376 57.646899 -0.005614 0.009269 0.601704 0.798645 1587629263.300892
8.866445 -7.050944 0.023247 -0.001116 -0.000435 0.976294 -0.216445 1587629263.533655
684758.242482 3112586.966784 57.640947 -0.004141 0.010078 0.605473 0.795792 1587629263.496904
8.586022 -7.159748 0.019011 -0.000501 0.001271 0.976595 -0.215082 1587629263.634271
684758.294940 3112587.170108 57.636578 -0.003063 0.010883 0.606705 0.794847 1587629263.604941
8.232674 -7.394765 0.015869 -0.000608 0.002211 0.977317 -0.211771 1587629263.833556
684758.411795 3112587.579904 57.664923 -0.002563 0.011315 0.605243 0.795956 1587629263.802952
7.832751 -7.490956 0.021065 0.000433 0.001535 0.976833 -0.213999 1587629264.034215
684758.513236 3112587.995023 57.656974 -0.003493 0.009859 0.605793 0.795553 1587629264.002096
7.563091 -7.716896 0.037617 -0.000508 -0.000155 0.977523 -0.210827 1587629264.234289
684758.618403 3112588.389929 57.660397 -0.004699 0.009602 0.604612 0.796448 1587629264.200150
7.323885 -7.771608 0.024881 0.000263 -0.000135 0.977448 -0.211174 1587629264.334523
684758.674346 3112588.589083 57.654610 -0.005101 0.009529 0.603583 0.797227 1587629264.296063
6.914744 -7.904121 0.026829 0.000220 -0.000085 0.978279 -0.207290 1587629264.534153
684758.767373 3112588.993226 57.675943 -0.005547 0.010054 0.601957 0.798446 1587629264.494155
6.736531 -8.026740 0.010383 -0.000063 -0.000896 0.978584 -0.205845 1587629264.634570
684758.820904 3112589.181795 57.674127 -0.006100 0.010564 0.599192 0.800513 1587629264.600081
6.482686 -8.237993 0.029147 -0.000383 -0.000302 0.979644 -0.200741 1587629264.835217
684758.928282 3112589.566544 57.658898 -0.005656 0.010372 0.595727 0.803100 1587629264.796096
6.309813 -8.312049 0.016122 -0.000150 0.000356 0.980223 -0.197894 1587629264.934734
684758.969249 3112589.745654 57.615090 -0.006251 0.011344 0.596416 0.802571 1587629264.896140
6.039038 -8.347126 0.011055 -0.001692 -0.000202 0.980189 -0.198056 1587629265.034914
684759.024298 3112589.934955 57.615538 -0.007219 0.012302 0.594156 0.804223 1587629265.000237
5.834989 -8.397479 -0.006003 -0.001411 -0.000684 0.980797 -0.195028 1587629265.134956
684759.082633 3112590.129991 57.611070 -0.007537 0.011894 0.593431 0.804762 1587629265.098181
5.555587 -8.585543 0.013636 -0.001533 -0.001329 0.981277 -0.192591 1587629265.334665
684759.194059 3112590.472326 57.604368 -0.007776 0.011486 0.590578 0.806861 1587629265.300128
5.359002 -8.674301 0.018535 -0.002062 -0.001381 0.981453 -0.191686 1587629265.433588
684759.231183 3112590.659971 57.610042 -0.007808 0.011836 0.588299 0.808519 1587629265.410145
4.936962 -8.676035 0.003193 0.000220 0.000489 0.981711 -0.190375 1587629265.634858
684759.358952 3112591.033940 57.627782 -0.005272 0.010937 0.586690 0.809721 1587629265.596211
4.832833 -8.880244 0.018600 -0.000291 0.001774 0.982327 -0.187163 1587629265.733956
684759.424412 3112591.207136 57.622178 -0.004932 0.011776 0.583143 0.812269 1587629265.698207
4.689606 -8.930290 0.023059 -0.001536 0.001483 0.983184 -0.182607 1587629265.833986
684759.487323 3112591.395512 57.608234 -0.005143 0.013045 0.584198 0.811490 1587629265.798283
4.434906 -8.984933 0.005048 -0.001971 0.001970 0.983364 -0.181627 1587629265.934002
684759.542030 3112591.596032 57.597130 -0.004820 0.013213 0.581031 0.813760 1587629265.896230
4.098962 -9.114521 0.027130 -0.001271 0.002317 0.984142 -0.177364 1587629266.133697
684759.680564 3112591.975495 57.635286 -0.003706 0.012627 0.578851 0.815327 1587629266.100318
3.870882 -9.221246 0.025140 -0.002073 0.003227 0.984653 -0.174481 1587629266.234377
684759.747903 3112592.167144 57.629607 -0.003805 0.013550 0.576252 0.817151 1587629266.179431
3.512406 -9.283223 0.005273 -0.000979 0.004383 0.985064 -0.172130 1587629266.435844
684759.877640 3112592.523616 57.610546 -0.002284 0.013689 0.574960 0.818064 1587629266.399395
3.213165 -9.266675 0.026566 -0.000957 0.004916 0.984614 -0.174669 1587629266.534664
684759.929341 3112592.700401 57.610771 -0.001864 0.013309 0.574372 0.818484 1587629266.510319
3.075872 -9.442243 0.023447 -0.000748 0.005727 0.985648 -0.168712 1587629266.634091
684760.005191 3112592.890903 57.602810 -0.002524 0.013939 0.571747 0.820307 1587629266.600429
3.033563 -9.573988 0.018623 -0.001843 0.004271 0.986765 -0.162088 1587629266.734130
684760.082385 3112593.077028 57.613834 -0.003126 0.013977 0.569464 0.821891 1587629266.697417
2.729046 -9.554123 0.007042 -0.000580 0.004425 0.986151 -0.165791 1587629266.833935
684760.162722 3112593.254348 57.641100 -0.003222 0.013914 0.568179 0.822781 1587629266.796353
2.542269 -9.600040 0.019845 -0.002032 0.004018 0.986390 -0.164359 1587629266.935166
684760.231197 3112593.421501 57.634086 -0.003503 0.015528 0.566874 0.823651 1587629266.907416
2.227098 -9.728286 -0.007603 -0.006893 0.004444 0.987105 -0.159864 1587629267.134761
684760.358807 3112593.793188 57.603855 -0.004292 0.020475 0.560721 0.827741 1587629267.106392
2.063691 -9.894960 -0.011792 -0.007247 0.006710 0.988017 -0.154027 1587629267.234789
684760.448096 3112593.977753 57.581931 -0.003487 0.020621 0.560772 0.827706 1587629267.187086
1.752917 -9.846391 -0.016744 -0.006395 0.007601 0.987973 -0.154308 1587629267.334321
684760.527863 3112594.125587 57.575659 -0.003903 0.021222 0.560025 0.828195 1587629267.308492
1.482336 -10.037846 -0.036183 -0.010648 0.006003 0.989028 -0.147223 1587629267.533602
684760.664877 3112594.490485 57.581594 -0.007178 0.023402 0.553332 0.832601 1587629267.507489
1.055759 -9.958116 -0.028865 -0.008552 0.003825 0.989299 -0.145598 1587629267.735429
684760.787866 3112594.872018 57.596355 -0.007007 0.020239 0.549567 0.835175 1587629267.704485
0.893364 -10.128728 -0.021629 -0.008053 0.004117 0.990700 -0.135763 1587629267.833684
684760.849383 3112595.043558 57.592323 -0.007273 0.020047 0.541565 0.840388 1587629267.801426
0.464309 -10.147380 -0.037196 -0.006412 0.003072 0.991041 -0.133370 1587629268.034614
684760.998476 3112595.381041 57.563339 -0.006986 0.018251 0.537667 0.842931 1587629268.007451
0.183030 -10.209618 -0.006881 -0.004239 0.002824 0.992696 -0.120537 1587629268.233585
684761.149220 3112595.720284 57.579215 -0.005841 0.016326 0.534854 0.844767 1587629268.201531
-0.092199 -10.323762 -0.012703 -0.003790 0.004410 0.993620 -0.112629 1587629268.335085
684761.218244 3112595.884419 57.573400 -0.004952 0.016279 0.531171 0.847094 1587629268.305500
-0.529144 -10.421613 0.015834 -0.002295 0.005611 0.995212 -0.097551 1587629268.534452
684761.380955 3112596.206843 57.596157 -0.003758 0.015685 0.516713 0.856007 1587629268.510583
-0.832610 -10.407214 0.015634 -0.003702 0.002988 0.996296 -0.085862 1587629268.733897
684761.562301 3112596.526594 57.604458 -0.006227 0.015706 0.501497 0.864995 1587629268.707643
-1.054032 -10.448360 0.001082 -0.003605 0.003506 0.996981 -0.077486 1587629268.833653
684761.638207 3112596.686281 57.595325 -0.006960 0.014900 0.497051 0.867565 1587629268.804652
-1.432577 -10.470251 0.001815 -0.003058 0.001101 0.998025 -0.062734 1587629269.036874
684761.812295 3112597.020290 57.609337 -0.007081 0.014643 0.478993 0.877668 1587629269.002673
-1.802180 -10.448935 -0.002824 -0.002670 0.002202 0.998993 -0.044734 1587629269.233647
684761.982694 3112597.301342 57.596955 -0.005304 0.014989 0.471334 0.881811 1587629269.202671
-2.034891 -10.388255 -0.004078 -0.001934 0.004826 0.999219 -0.039184 1587629269.333530
684762.075648 3112597.447692 57.591781 -0.004634 0.015295 0.462646 0.886399 1587629269.303788
-2.346000 -10.522034 0.003156 -0.003164 0.005013 0.999882 -0.014150 1587629269.533766
684762.273717 3112597.722735 57.593726 -0.005073 0.015812 0.447982 0.893888 1587629269.511802
-2.725747 -10.484327 -0.011596 -0.002114 0.003540 0.999989 0.002116 1587629269.734257
684762.470530 3112598.001660 57.569137 -0.006685 0.015068 0.429982 0.902687 1587629269.706780
-3.043766 -10.414292 -0.002946 -0.004205 0.002105 0.999704 0.023875 1587629269.934590
684762.681500 3112598.276175 57.574727 -0.008488 0.015074 0.410569 0.911666 1587629269.900915
-3.359920 -10.383016 0.021986 -0.002452 0.001472 0.998998 0.044664 1587629270.133540
684762.893202 3112598.526594 57.572254 -0.007554 0.013087 0.396959 0.917712 1587629270.106852
-3.649001 -10.369193 -0.004333 -0.001399 0.002029 0.998348 0.057395 1587629270.234389
684763.005468 3112598.651470 57.568817 -0.008390 0.014588 0.387752 0.921610 1587629270.201805
-4.021479 -10.223978 0.030052 -0.004281 0.002068 0.996527 0.083132 1587629270.434748
684763.273120 3112598.890746 57.589186 -0.008318 0.014293 0.361394 0.932266 1587629270.402850
-4.355156 -10.061945 -0.004743 -0.002502 0.002178 0.994356 0.106040 1587629270.633593
684763.512349 3112599.116732 57.571436 -0.009061 0.014906 0.335906 0.941734 1587629270.606886
-4.673968 -9.926495 0.005400 -0.004457 0.002292 0.991129 0.132808 1587629270.834868
684763.766359 3112599.324084 57.565294 -0.009090 0.014932 0.313900 0.949295 1587629270.810992
-5.056573 -9.742101 -0.006968 -0.003527 0.001369 0.986357 0.164580 1587629271.033466
684764.048976 3112599.539829 57.551485 -0.009907 0.015190 0.282179 0.959190 1587629271.006910
-5.353715 -9.569146 0.003102 -0.004466 0.001270 0.981957 0.189045 1587629271.234574
684764.326879 3112599.713615 57.554201 -0.011187 0.014344 0.257927 0.965993 1587629271.210990
-5.641354 -9.438362 -0.000784 -0.003710 -0.000450 0.975375 0.220521 1587629271.434475
684764.616101 3112599.868240 57.566565 -0.012522 0.014534 0.228685 0.973311 1587629271.413000
-5.847379 -9.390550 -0.003353 -0.004800 -0.002400 0.970084 0.242710 1587629271.534604
684764.774203 3112599.950387 57.554600 -0.013259 0.015000 0.209481 0.977608 1587629271.504045
-6.113695 -9.162711 -0.002896 -0.005104 -0.001139 0.961686 0.274102 1587629271.734654
684765.061008 3112600.090737 57.551039 -0.014839 0.013593 0.183316 0.982848 1587629271.712007
-6.348527 -8.915272 -0.010069 -0.005274 -0.006097 0.953436 0.301488 1587629271.933906
684765.360958 3112600.207151 57.545505 -0.016684 0.014275 0.146411 0.988980 1587629271.901235
-6.499017 -8.663262 -0.007003 -0.005352 -0.004523 0.943828 0.330362 1587629272.134486
684765.681929 3112600.300548 57.561213 -0.015244 0.014155 0.120465 0.992500 1587629272.107105
-6.647604 -8.384123 -0.005964 -0.004875 -0.001537 0.935599 0.353028 1587629272.334862
684765.992171 3112600.362226 57.553247 -0.013470 0.015133 0.083878 0.996270 1587629272.300150
-6.978702 -8.228599 -0.003869 -0.004462 -0.002174 0.920862 0.389857 1587629272.534330
684766.290802 3112600.400908 57.554265 -0.014653 0.013671 0.047110 0.998689 1587629272.501367
-6.982563 -7.974565 -0.014131 -0.003341 -0.006180 0.917995 0.396530 1587629272.634361
684766.438577 3112600.420752 57.555190 -0.016576 0.013400 0.033370 0.999216 1587629272.604169
-7.264055 -7.723333 -0.028741 -0.004669 -0.008748 0.904958 0.425385 1587629272.834725
684766.741291 3112600.460188 57.555793 -0.018548 0.012978 0.008171 0.999710 1587629272.805211
-7.246363 -7.509644 -0.005013 -0.004502 -0.009254 0.900515 0.434702 1587629272.934837
684766.897051 3112600.473118 57.567531 -0.017772 0.011873 -0.006208 0.999752 1587629272.906144
-7.448047 -7.266098 -0.014513 -0.002120 -0.006108 0.885246 0.465079 1587629273.135629
684767.177060 3112600.460354 57.559170 -0.014444 0.012049 -0.039648 0.999037 1587629273.107235
-7.584272 -7.093865 -0.026874 -0.001206 -0.005590 0.877031 0.480399 1587629273.234147
684767.303162 3112600.435046 57.534840 -0.013041 0.011699 -0.052900 0.998446 1587629273.210104
-7.643856 -6.817500 -0.010652 0.000096 -0.004170 0.862437 0.506146 1587629273.434465
684767.596550 3112600.397864 57.534825 -0.012448 0.010648 -0.080015 0.996659 1587629273.410273
-7.846240 -6.549171 -0.014949 -0.000961 -0.007183 0.844710 0.535176 1587629273.634329
684767.879405 3112600.351671 57.537797 -0.014410 0.010356 -0.108778 0.993908 1587629273.604289
-7.886484 -6.192329 -0.000218 -0.002144 -0.006042 0.830364 0.557185 1587629273.833909
684768.161830 3112600.287853 57.537493 -0.015329 0.012018 -0.133954 0.990796 1587629273.807549
-8.021391 -5.825035 -0.015023 -0.005072 -0.006060 0.812604 0.582763 1587629274.035274
684768.462366 3112600.216865 57.540516 -0.015646 0.014023 -0.163261 0.986359 1587629274.006375
-8.079610 -5.544456 -0.028418 -0.003798 -0.007171 0.795131 0.606383 1587629274.235884
684768.734063 3112600.122587 57.546893 -0.016363 0.013348 -0.190704 0.981420 1587629274.205397
-8.092564 -5.225987 -0.045434 -0.005450 -0.009084 0.778165 0.627970 1587629274.434091
684769.017671 3112600.016027 57.545127 -0.016057 0.015009 -0.217271 0.975864 1587629274.409503
-8.175508 -4.987292 -0.042158 -0.003243 -0.008343 0.770135 0.637818 1587629274.533513
684769.145131 3112599.950158 57.547658 -0.015599 0.015135 -0.231432 0.972608 1587629274.513002
-8.033787 -4.675655 -0.057787 -0.008239 -0.010126 0.750693 0.660522 1587629274.734765
684769.405173 3112599.791237 57.546902 -0.015763 0.015296 -0.261465 0.964963 1587629274.706769
-7.938528 -4.291827 -0.092115 0.003685 -0.014270 0.737141 0.675578 1587629274.933475
684769.652860 3112599.639386 57.530845 -0.016657 0.012823 -0.292292 0.956098 1587629274.906563
-7.979781 -3.982067 -0.063316 -0.002334 -0.011898 0.715243 0.698771 1587629275.133512
684769.878771 3112599.476246 57.517454 -0.015078 0.012983 -0.316096 0.948519 1587629275.119733
-7.903758 -3.709861 -0.027430 0.000535 -0.009108 0.699685 0.714393 1587629275.334852
684770.152675 3112599.267134 57.514747 -0.012934 0.010438 -0.339680 0.940394 1587629275.307606
-7.849953 -3.461012 0.029423 -0.004770 -0.007357 0.689848 0.723901 1587629275.433580
684770.265756 3112599.158906 57.508683 -0.011940 0.010318 -0.351432 0.936080 1587629275.406580
-7.730028 -3.136114 -0.028238 -0.000109 -0.009962 0.672079 0.740413 1587629275.634184
684770.506182 3112598.937766 57.517021 -0.011454 0.009804 -0.374673 0.927035 1587629275.606675
-7.739434 -2.933906 0.005893 -0.001244 -0.007999 0.660806 0.750513 1587629275.734329
684770.622647 3112598.824450 57.535072 -0.012414 0.009986 -0.388777 0.921194 1587629275.707643
-7.797460 -2.715440 -0.019438 0.003788 -0.008309 0.646459 0.762894 1587629275.834924
684770.730038 3112598.718486 57.542959 -0.013268 0.011774 -0.400417 0.916161 1587629275.814683
-7.590382 -2.624519 -0.034571 -0.000866 -0.010243 0.643198 0.765631 1587629275.933519
684770.842883 3112598.610285 57.556459 -0.013411 0.014018 -0.408392 0.912601 1587629275.912650
-7.541000 -2.253319 -0.045046 -0.000306 -0.010849 0.617619 0.786403 1587629276.134818
684771.082583 3112598.370903 57.542779 -0.013633 0.014158 -0.436000 0.899732 1587629276.120384
-7.343391 -2.010048 -0.042169 -0.002690 -0.008663 0.594676 0.803914 1587629276.334180
684771.282086 3112598.092805 57.544220 -0.011612 0.015404 -0.462827 0.886239 1587629276.305721
-7.189344 -1.649373 -0.023311 -0.003984 -0.004587 0.568609 0.822585 1587629276.535784
684771.454969 3112597.830011 57.556681 -0.009678 0.017303 -0.493517 0.869510 1587629276.516263
-7.070048 -1.476776 -0.034866 -0.002921 -0.004698 0.555588 0.831440 1587629276.634448
684771.536243 3112597.684856 57.557569 -0.010159 0.018410 -0.509850 0.860007 1587629276.619753
-6.880768 -1.373943 -0.003148 -0.006087 -0.003604 0.543373 0.839462 1587629276.734342
684771.633200 3112597.541933 57.559358 -0.010943 0.018899 -0.524045 0.851411 1587629276.713746
-6.771441 -1.003476 -0.047508 -0.005956 -0.005663 0.509304 0.860547 1587629276.933574
684771.769116 3112597.262553 57.539692 -0.010399 0.019959 -0.550904 0.834265 1587629276.919697
-6.475647 -0.770154 -0.030274 -0.006570 -0.002874 0.479817 0.877339 1587629277.134619
684771.889623 3112596.955611 57.572743 -0.008787 0.019741 -0.578618 0.815313 1587629277.110841
-6.152949 -0.557072 -0.005871 -0.006315 -0.002134 0.457132 0.889374 1587629277.334657
684771.982817 3112596.651693 57.546954 -0.008183 0.019471 -0.602852 0.797573 1587629277.308811
-6.022488 -0.396515 -0.058862 -0.004420 -0.004356 0.437784 0.899059 1587629277.434823
684772.015030 3112596.514714 57.559542 -0.008169 0.020586 -0.618430 0.785528 1587629277.419880
-5.754615 -0.229065 -0.041041 -0.010852 -0.004094 0.415681 0.909437 1587629277.635260
684772.097420 3112596.196182 57.523875 -0.011166 0.021805 -0.641488 0.766742 1587629277.617896
-5.561197 0.047186 -0.029973 -0.012729 -0.004386 0.384399 0.923069 1587629277.834293
684772.165594 3112595.919697 57.519889 -0.011464 0.022126 -0.660208 0.750669 1587629277.823903
-5.351742 0.168264 -0.033677 -0.008322 -0.003071 0.355707 0.934555 1587629278.033994
684772.214926 3112595.618630 57.538396 -0.008032 0.017657 -0.679301 0.733603 1587629278.019882
-5.143653 0.377654 -0.038161 -0.005320 -0.002491 0.336910 0.941519 1587629278.134990
684772.202733 3112595.474625 57.520300 -0.005807 0.015423 -0.694587 0.719220 1587629278.114885
-4.890621 0.449345 -0.038898 -0.003684 -0.002163 0.310047 0.950711 1587629278.334238
684772.173737 3112595.183523 57.519427 -0.004998 0.013938 -0.717874 0.696015 1587629278.312961
-4.694205 0.535804 -0.029327 -0.002916 -0.003195 0.299817 0.953987 1587629278.434466
684772.171811 3112595.046986 57.511533 -0.005727 0.014867 -0.729510 0.683785 1587629278.415740
-4.236553 0.474317 -0.031011 -0.008682 -0.002332 0.284732 0.958565 1587629278.634253
684772.153855 3112594.772283 57.494037 -0.007352 0.017904 -0.748475 0.662881 1587629278.615119
-4.283848 0.845901 -0.024536 -0.007564 -0.004714 0.237796 0.971274 1587629278.833542
684772.143116 3112594.488273 57.503081 -0.008517 0.015175 -0.765906 0.642717 1587629278.814158
-3.994605 0.779644 -0.006695 -0.004230 -0.004255 0.239378 0.970908 1587629278.934525
684772.109615 3112594.365316 57.497223 -0.006693 0.013919 -0.772375 0.634979 1587629278.912967
-3.730635 0.649438 -0.001255 -0.004148 -0.001993 0.239167 0.970968 1587629279.033681
684772.073612 3112594.240806 57.508653 -0.004788 0.012373 -0.781315 0.623996 1587629279.012988
-3.562203 0.976206 -0.003160 -0.001070 -0.001607 0.191216 0.981546 1587629279.234424
684771.987229 3112593.993428 57.493567 -0.003679 0.009658 -0.801337 0.598125 1587629279.214908
-3.285854 0.969168 -0.005578 -0.002340 -0.002265 0.164140 0.986432 1587629279.434587
684771.912989 3112593.750315 57.508855 -0.004659 0.012598 -0.817672 0.575527 1587629279.415687
-3.106043 1.152304 -0.013026 -0.004939 -0.003806 0.139397 0.990217 1587629279.633849
684771.850217 3112593.513827 57.513703 -0.006655 0.014536 -0.831814 0.554824 1587629279.617380
-2.781448 1.037680 -0.008267 -0.004912 -0.002905 0.127753 0.991790 1587629279.834336
684771.767076 3112593.285691 57.530732 -0.005234 0.014456 -0.840859 0.541036 1587629279.818180
-2.535003 1.189986 0.001901 -0.003456 -0.001907 0.106468 0.994308 1587629280.034092
684771.662014 3112593.062407 57.517633 -0.003898 0.010660 -0.849912 0.526803 1587629280.018435
-2.331753 1.187170 -0.008033 0.000764 -0.002501 0.093458 0.995620 1587629280.235118
684771.533640 3112592.859192 57.515812 -0.002282 0.008743 -0.858353 0.512980 1587629280.213356
-2.075826 1.304942 0.000827 -0.002107 -0.003709 0.080712 0.996728 1587629280.434765
684771.426583 3112592.665448 57.525248 -0.004860 0.007676 -0.864297 0.502900 1587629280.418214
-1.873994 1.348143 0.020421 0.000264 -0.003142 0.070952 0.997475 1587629280.633555
684771.317151 3112592.464002 57.534538 -0.003487 0.009322 -0.868615 0.495387 1587629280.624283
-1.630477 1.302358 0.011815 -0.000394 -0.002790 0.063763 0.997961 1587629280.733469
684771.259108 3112592.356906 57.532027 -0.003301 0.009487 -0.873333 0.487020 1587629280.715882
-1.319010 1.305639 0.012644 -0.001126 -0.002809 0.050162 0.998736 1587629281.033661
684771.067176 3112592.053643 57.522851 -0.003414 0.010192 -0.880207 0.474468 1587629281.013369
-1.079319 1.277196 0.011164 -0.003090 -0.001686 0.040261 0.999183 1587629281.234835
684770.936619 3112591.838757 57.522053 -0.003323 0.011733 -0.884438 0.466499 1587629281.211566
-0.779653 1.325204 0.065906 -0.003601 0.000915 0.029153 0.999568 1587629281.433539
684770.805541 3112591.618826 57.535904 -0.003361 0.012037 -0.888848 0.458033 1587629281.411367
-0.562351 1.371271 0.036873 -0.002013 -0.000895 0.020627 0.999785 1587629281.633947
684770.658390 3112591.411155 57.544576 -0.003036 0.010180 -0.892284 0.451350 1587629281.616477
-0.242641 1.350864 0.017377 -0.000649 -0.001096 0.014244 0.999898 1587629281.834044
684770.490770 3112591.193153 57.531136 -0.002349 0.008860 -0.896874 0.442190 1587629281.813465
0.061229 1.317866 0.021286 -0.000520 -0.001195 0.008726 0.999961 1587629282.033830
684770.311629 3112590.966369 57.544078 -0.002696 0.008265 -0.899508 0.436818 1587629282.011011
0.264981 1.295798 0.011614 0.000772 -0.002154 0.007532 0.999969 1587629282.133704
684770.231061 3112590.855615 57.539661 -0.002689 0.008074 -0.901099 0.433530 1587629282.118528
2.026480 1.266749 0.036204 0.002543 -0.001774 0.004711 0.999984 1587629283.234221
684769.144853 3112589.481246 57.542630 -0.001016 0.005185 -0.902742 0.430150 1587629283.216616
2.313257 1.304581 0.009210 0.004615 -0.001214 0.005324 0.999974 1587629283.434202
684768.925242 3112589.240200 57.522709 0.001421 0.003995 -0.901873 0.431980 1587629283.413676
2.668273 1.300556 0.045079 0.003623 -0.000540 0.007744 0.999963 1587629283.634021
684768.721973 3112588.984770 57.531800 0.000568 0.004811 -0.901030 0.433729 1587629283.613687
2.917905 1.299846 0.014284 0.001617 -0.000665 0.013059 0.999913 1587629283.834017
684768.539575 3112588.734694 57.543436 0.000916 0.006785 -0.899260 0.437361 1587629283.814767
3.248733 1.378789 0.030580 0.002810 -0.001138 0.014588 0.999889 1587629284.033591
684768.366285 3112588.488603 57.543966 0.001547 0.005881 -0.899078 0.437746 1587629284.012816
3.507831 1.393768 0.011388 0.004670 0.000510 0.015623 0.999867 1587629284.234933
684768.188350 3112588.254839 57.560895 0.004016 0.004315 -0.898277 0.439391 1587629284.216782
3.796613 1.335325 0.018629 0.006548 -0.001146 0.019545 0.999787 1587629284.436417
684767.995777 3112588.037386 57.552939 0.004275 0.003501 -0.897180 0.441630 1587629284.418835
4.049556 1.383239 0.028589 0.004769 0.001195 0.018464 0.999817 1587629284.635159
684767.829906 3112587.823009 57.560712 0.004997 0.005007 -0.897260 0.441445 1587629284.617890
4.269177 1.438682 0.023276 0.003564 -0.001766 0.017903 0.999832 1587629284.833526
684767.697145 3112587.613110 57.568900 0.003625 0.006008 -0.896676 0.442632 1587629284.814968
4.567848 1.335402 0.026465 0.001277 -0.000136 0.021901 0.999759 1587629285.133563
684767.510125 3112587.342144 57.572681 0.004752 0.006743 -0.896565 0.442835 1587629285.118918
4.829710 1.421698 0.012532 0.004033 -0.002016 0.020328 0.999783 1587629285.333565
684767.388763 3112587.199580 57.571763 0.006483 0.007310 -0.896619 0.442696 1587629285.316948
5.044127 1.418239 0.027253 0.004554 -0.000709 0.021222 0.999764 1587629285.733458
684767.206997 3112586.943528 57.566369 0.009553 0.008440 -0.897147 0.441548 1587629285.716031
5.251609 1.462005 0.029652 0.005145 -0.000951 0.019913 0.999788 1587629286.037692
684767.096026 3112586.807255 57.562409 0.010483 0.007404 -0.896303 0.443256 1587629286.015035
